Time(ms) X(m) Y(m) Z(m) Vx(m/s) Vy(m/s) Vz(m/s) R G B
1.50 1.50 0.00 0 255 117
1.50 1.50 0.00 0 254 116
1.50 1.50 0.02 1 254 116
1.50 1.50 0.04 3 252 115
1.50 1.50 0.07 6 251 114
1.50 1.50 0.11 9 249 112
1.50 1.50 0.15 13 246 110
1.50 1.50 0.21 18 243 108
1.50 1.50 0.27 24 240 106
1.50 1.50 0.34 30 237 103
1.50 1.50 0.42 36 233 100
1.50 1.50 0.50 43 229 97
1.50 1.50 0.59 51 224 93
1.50 1.50 0.69 58 220 90
1.50 1.50 0.79 67 215 86
1.50 1.50 0.90 75 210 82
1.50 1.50 1.02 84 205 78
1.50 1.50 1.14 93 200 74
1.50 1.50 1.27 102 194 70
1.50 1.50 1.40 111 189 66
1.50 1.50 1.54 120 183 61
1.50 1.50 1.68 129 178 57
1.50 1.50 1.83 139 173 53
1.50 1.50 1.98 148 167 48
1.50 1.50 2.13 157 162 44
1.50 1.50 2.29 166 156 40
1.50 1.50 2.45 175 151 36
1.50 1.50 2.62 183 146 32
1.50 1.50 2.79 192 141 28
1.50 1.50 2.96 200 137 25
1.50 1.50 3.13 207 132 21
1.50 1.50 3.31 214 128 18
1.50 1.50 3.49 221 124 15
1.50 1.50 3.67 227 120 12
1.50 1.50 3.85 233 117 9
1.50 1.50 4.04 238 114 7
1.50 1.50 4.22 243 111 5
1.50 1.50 4.41 247 109 3
1.50 1.50 4.59 250 107 2
1.50 1.50 4.78 252 106 1
1.50 1.50 4.97 254 105 0
1.50 1.50 5.16 254 104 0
1.50 1.50 5.34 254 104 0
1.50 1.50 5.53 254 105 0
1.50 1.50 5.72 253 106 0
1.50 1.50 5.90 252 107 0
1.50 1.50 6.09 250 108 0
1.50 1.50 6.27 248 110 0
1.50 1.50 6.45 245 112 0
1.50 1.50 6.63 242 114 0
1.50 1.50 6.81 239 117 0
1.50 1.50 6.98 235 120 0
1.50 1.50 7.15 232 123 0
1.50 1.50 7.32 228 126 1
1.50 1.50 7.49 223 129 1
1.50 1.50 7.65 219 133 1
1.50 1.50 7.81 214 137 1
1.50 1.50 7.97 209 141 1
1.50 1.50 8.12 204 145 2
1.50 1.50 8.27 199 149 2
1.50 1.50 8.41 194 153 2
1.50 1.50 8.55 188 158 3
1.50 1.50 8.69 183 162 3
1.50 1.50 8.82 177 167 3
1.50 1.50 8.94 171 171 4
1.50 1.50 9.06 166 176 4
1.50 1.50 9.17 160 181 5
1.50 1.50 9.28 154 185 5
1.50 1.50 9.38 148 190 6
1.50 1.50 9.47 143 194 6
1.50 1.50 9.56 137 199 7
1.50 1.50 9.64 132 203 8
1.50 1.50 9.71 126 208 8
1.50 1.50 9.77 121 212 9
1.50 1.50 9.83 116 216 10
1.50 1.50 9.88 111 220 10
1.50 1.50 9.92 106 224 11
1.50 1.50 9.95 101 228 12
1.50 1.50 9.98 97 231 13
1.50 1.50 9.99 93 235 14
1.50 1.50 10.00 89 238 15
1.50 1.50 10.00 85 241 15
1.50 1.50 10.00 82 243 16
1.50 1.50 10.00 79 246 17
1.50 1.50 10.00 76 248 19
1.50 1.50 10.00 74 250 20
1.50 1.50 10.00 72 251 21
1.50 1.50 10.00 70 253 22
1.50 1.50 10.00 69 254 23
1.50 1.50 10.00 68 254 24
1.50 1.50 10.00 68 254 26
1.50 1.50 10.00 68 254 27
1.50 1.50 10.00 68 254 28
1.50 1.50 10.00 68 254 30
1.50 1.50 10.00 68 254 31
1.50 1.50 10.00 69 254 33
1.50 1.50 10.00 69 253 34
1.50 1.50 10.00 69 253 36
1.50 1.50 10.00 69 252 37
1.50 1.50 10.00 70 251 39
1.50 1.50 10.00 70 251 41
1.50 1.50 10.00 70 250 42
1.50 1.50 10.00 71 249 44
1.50 1.50 10.00 71 248 46
1.50 1.50 10.00 71 247 48
1.50 1.50 10.00 72 246 49
1.50 1.50 10.00 72 245 51
1.50 1.50 10.00 73 243 53
1.50 1.50 10.00 74 242 55
1.50 1.50 10.00 74 241 57
1.50 1.50 10.00 75 239 59
1.50 1.50 10.00 75 238 61
1.50 1.50 10.00 76 236 63
1.50 1.50 10.00 77 235 65
1.50 1.50 10.00 77 233 67
1.50 1.50 10.00 78 231 69
1.50 1.50 10.00 79 229 71
1.51 1.50 10.01 80 228 73
1.52 1.49 10.01 80 226 75
1.52 1.49 10.01 81 224 77
1.53 1.49 10.02 82 222 80
1.54 1.48 10.02 83 220 82
1.56 1.48 10.03 84 218 84
1.57 1.47 10.04 85 216 86
1.58 1.47 10.04 86 214 89
1.60 1.46 10.05 87 211 91
1.62 1.45 10.06 88 209 93
1.64 1.45 10.07 89 207 95
1.66 1.44 10.08 90 205 98
1.68 1.43 10.10 91 202 100
1.71 1.42 10.11 92 200 102
1.73 1.41 10.12 93 198 105
1.76 1.40 10.14 94 195 107
1.79 1.39 10.15 95 193 109
1.81 1.38 10.17 96 190 112
1.84 1.37 10.18 97 188 114
1.88 1.35 10.20 98 185 116
1.91 1.34 10.22 99 183 119
1.94 1.33 10.23 100 180 121
1.98 1.31 10.25 101 177 123
2.02 1.30 10.27 102 175 126
2.06 1.28 10.29 104 172 128
2.10 1.27 10.31 105 169 131
2.14 1.25 10.33 106 167 133
2.18 1.24 10.36 107 164 135
2.22 1.22 10.38 108 161 138
2.27 1.20 10.40 109 158 140
2.31 1.18 10.43 111 156 142
2.36 1.17 10.45 112 153 145
2.41 1.15 10.48 113 150 147
2.46 1.13 10.50 114 147 150
2.51 1.11 10.53 115 145 152
2.56 1.09 10.56 117 142 154
2.61 1.07 10.58 118 139 157
2.66 1.05 10.61 119 136 159
2.72 1.02 10.64 120 133 161
2.77 1.00 10.67 121 131 164
2.83 0.98 10.70 123 128 166
2.89 0.96 10.73 124 125 168
2.95 0.93 10.76 125 122 170
3.01 0.91 10.80 126 119 173
3.07 0.89 10.83 127 117 175
3.13 0.86 10.86 129 114 177
3.20 0.84 10.89 130 111 179
3.26 0.81 10.93 131 108 182
3.33 0.79 10.96 132 106 184
3.39 0.76 11.00 133 103 186
3.46 0.74 11.03 135 100 188
3.53 0.71 11.07 136 97 190
3.60 0.68 11.10 137 95 192
3.67 0.65 11.14 138 92 194
3.74 0.63 11.18 139 89 196
3.81 0.60 11.22 140 87 198
3.88 0.57 11.26 141 84 201
3.96 0.54 11.29 143 82 203
4.03 0.51 11.33 144 79 204
4.11 0.48 11.37 145 77 206
4.18 0.45 11.41 146 74 208
4.26 0.42 11.45 147 72 210
4.34 0.39 11.50 148 69 212
4.42 0.36 11.54 149 67 214
4.50 0.33 11.58 150 64 216
4.58 0.30 11.62 151 62 218
4.66 0.27 11.66 152 60 219
4.74 0.24 11.71 153 57 221
4.82 0.20 11.75 154 55 223
4.91 0.17 11.80 155 53 224
4.99 0.14 11.84 156 51 226
5.08 0.10 11.88 157 49 227
5.16 0.07 11.93 158 47 229
5.25 0.04 11.98 158 45 230
5.34 0.00 12.02 159 43 232
5.42 -0.03 12.07 160 41 233
5.51 -0.07 12.11 161 39 235
5.60 -0.10 12.16 162 37 236
5.69 -0.14 12.21 162 35 237
5.78 -0.17 12.26 163 34 239
5.87 -0.21 12.30 164 32 240
5.96 -0.24 12.35 165 30 241
6.06 -0.28 12.40 165 29 242
6.15 -0.31 12.45 166 27 243
6.24 -0.35 12.50 167 26 244
6.34 -0.39 12.55 167 25 245
6.43 -0.42 12.60 168 23 246
6.53 -0.46 12.65 168 22 247
6.62 -0.50 12.70 169 21 248
6.72 -0.54 12.75 169 20 249
6.82 -0.57 12.80 170 19 250
6.91 -0.61 12.85 170 18 250
7.01 -0.65 12.90 170 17 251
7.11 -0.69 12.95 171 16 252
7.21 -0.73 13.01 171 15 252
7.31 -0.77 13.06 171 14 253
7.41 -0.80 13.11 172 14 253
7.51 -0.84 13.16 172 13 253
7.61 -0.88 13.22 172 13 254
7.71 -0.92 13.27 172 12 254
7.81 -0.96 13.32 172 12 254
7.91 -1.00 13.38 173 12 254
8.01 -1.04 13.43 173 12 254
8.11 -1.08 13.48 173 12 255
8.22 -1.12 13.54 173 12 255
8.32 -1.16 13.59 172 12 255
8.42 -1.20 13.65 172 12 255
8.53 -1.24 13.70 172 12 255
8.63 -1.28 13.76 172 13 255
8.73 -1.32 13.81 171 13 255
8.84 -1.36 13.87 171 13 255
8.94 -1.41 13.92 170 14 255
9.05 -1.45 13.98 170 14 255
9.15 -1.49 14.03 169 15 255
9.26 -1.53 14.09 168 16 255
9.37 -1.57 14.14 167 16 255
9.47 -1.61 14.20 167 17 255
9.58 -1.65 14.26 166 18 255
9.68 -1.69 14.31 165 19 255
9.79 -1.74 14.37 164 19 255
9.90 -1.78 14.42 163 20 255
10.00 -1.82 14.48 162 21 255
10.11 -1.86 14.54 160 22 255
10.22 -1.90 14.59 159 23 255
10.33 -1.94 14.65 158 24 255
10.43 -1.99 14.71 157 26 255
10.54 -2.03 14.76 155 27 255
10.65 -2.07 14.82 154 28 255
10.76 -2.11 14.88 152 29 255
10.86 -2.15 14.93 151 31 255
10.97 -2.20 14.99 149 32 255
11.08 -2.24 15.05 148 33 255
11.19 -2.28 15.10 146 35 255
11.29 -2.32 15.16 144 36 255
11.40 -2.36 15.22 143 38 255
11.51 -2.41 15.27 141 39 255
11.62 -2.45 15.33 139 40 255
11.73 -2.49 15.39 137 42 255
11.83 -2.53 15.44 136 44 255
11.94 -2.57 15.50 134 45 255
12.05 -2.62 15.56 132 47 255
12.16 -2.66 15.61 130 48 255
12.26 -2.70 15.67 128 50 255
12.37 -2.74 15.73 126 52 255
12.48 -2.78 15.78 124 53 255
12.58 -2.83 15.84 122 55 255
12.69 -2.87 15.90 120 57 255
12.80 -2.91 15.95 118 59 255
12.90 -2.95 16.01 116 60 255
13.01 -2.99 16.06 114 62 255
13.12 -3.03 16.12 112 64 255
13.22 -3.08 16.18 110 66 255
13.33 -3.12 16.23 108 67 255
13.44 -3.16 16.29 106 69 255
13.54 -3.20 16.34 104 71 255
13.65 -3.24 16.40 102 73 255
13.75 -3.28 16.45 100 75 255
13.86 -3.32 16.51 98 76 255
13.96 -3.36 16.56 95 78 255
14.06 -3.40 16.62 93 80 255
14.17 -3.44 16.67 91 82 255
14.27 -3.48 16.73 89 84 255
14.38 -3.52 16.78 87 85 255
14.48 -3.56 16.84 85 87 255
14.58 -3.60 16.89 83 89 255
14.68 -3.64 16.94 81 91 255
14.78 -3.68 17.00 79 93 255
14.89 -3.72 17.05 77 94 255
14.99 -3.76 17.11 75 96 255
15.09 -3.80 17.16 73 98 255
15.19 -3.84 17.21 71 100 255
15.29 -3.88 17.26 69 101 255
15.39 -3.92 17.32 67 103 255
15.49 -3.96 17.37 65 105 255
15.59 -4.00 17.42 63 106 255
15.68 -4.04 17.47 61 108 255
15.78 -4.07 17.52 59 110 255
15.88 -4.11 17.57 57 111 255
15.97 -4.15 17.63 55 113 255
16.07 -4.19 17.68 53 114 255
16.17 -4.22 17.73 52 116 255
16.26 -4.26 17.78 50 117 255
16.36 -4.30 17.83 48 119 255
16.45 -4.33 17.88 47 120 255
16.54 -4.37 17.92 45 122 255
16.64 -4.41 17.97 43 123 255
16.73 -4.44 18.02 42 124 255
16.82 -4.48 18.07 40 126 255
16.91 -4.51 18.12 39 127 255
17.00 -4.55 18.17 37 128 255
17.09 -4.58 18.21 36 129 255
17.18 -4.62 18.26 34 131 255
17.27 -4.65 18.31 33 132 255
17.36 -4.69 18.35 32 133 255
17.44 -4.72 18.40 31 134 255
17.53 -4.76 18.44 29 135 255
17.62 -4.79 18.49 28 136 255
17.70 -4.82 18.53 27 137 255
17.78 -4.85 18.58 26 138 255
17.87 -4.89 18.62 25 139 255
17.95 -4.92 18.67 24 139 255
18.03 -4.95 18.71 24 140 255
18.11 -4.98 18.75 23 141 255
18.19 -5.01 18.79 22 141 255
18.27 -5.05 18.84 21 142 255
18.35 -5.08 18.88 21 142 255
18.43 -5.11 18.92 20 143 255
18.51 -5.14 18.96 20 143 255
18.58 -5.17 19.00 19 144 255
18.66 -5.20 19.04 19 144 255
18.73 -5.23 19.08 19 144 255
18.81 -5.25 19.12 19 144 255
18.88 -5.28 19.16 19 144 255
18.95 -5.31 19.19 19 144 254
19.02 -5.34 19.23 19 144 254
19.09 -5.37 19.27 21 143 252
19.16 -5.39 19.30 23 142 250
19.23 -5.42 19.34 26 140 247
19.30 -5.44 19.38 29 138 243
19.36 -5.47 19.41 34 135 239
19.43 -5.50 19.44 39 132 234
19.49 -5.52 19.48 44 129 228
19.56 -5.55 19.51 50 125 222
19.62 -5.57 19.54 57 121 215
19.68 -5.59 19.58 64 117 207
19.74 -5.62 19.61 71 112 200
19.80 -5.64 19.64 78 108 192
19.86 -5.66 19.67 86 103 183
19.91 -5.69 19.70 95 98 175
19.97 -5.71 19.73 103 92 166
20.02 -5.73 19.76 112 87 157
20.08 -5.75 19.79 120 82 148
20.13 -5.77 19.81 129 76 139
20.18 -5.79 19.84 138 71 129
20.23 -5.81 19.87 147 66 120
20.28 -5.83 19.89 156 60 111
20.33 -5.85 19.92 164 55 102
20.37 -5.87 19.94 173 50 93
20.42 -5.88 19.97 181 44 84
20.46 -5.90 19.99 189 39 75
20.51 -5.92 20.01 197 35 67
20.55 -5.93 20.03 205 30 59
20.59 -5.95 20.06 212 26 51
20.63 -5.96 20.08 219 21 44
20.67 -5.98 20.10 225 18 37
20.70 -5.99 20.12 231 14 31
20.74 -6.01 20.14 236 11 26
20.77 -6.02 20.15 241 8 21
20.81 -6.03 20.17 245 5 16
20.84 -6.05 20.19 248 3 13
20.87 -6.06 20.20 251 2 10
20.90 -6.07 20.22 253 0 7
20.93 -6.08 20.23 254 0 6
20.95 -6.09 20.25 255 0 6
20.98 -6.10 20.26 255 0 6
21.00 -6.11 20.27 255 0 5
21.02 -6.12 20.28 255 0 5
21.04 -6.13 20.29 255 0 5
21.06 -6.13 20.31 255 0 5
21.08 -6.14 20.31 255 0 5
21.10 -6.15 20.32 255 0 5
21.11 -6.15 20.33 255 1 5
21.12 -6.16 20.34 255 1 4
21.14 -6.16 20.34 255 1 4
21.15 -6.17 20.35 255 2 4
21.16 -6.17 20.35 255 2 4
21.16 -6.17 20.36 255 3 4
21.17 -6.18 20.36 255 3 4
21.17 -6.18 20.36 255 4 4
21.18 -6.18 20.37 255 4 4
21.18 -6.18 20.37 255 5 4
21.18 -6.18 20.37 255 5 4
21.18 -6.18 20.37 255 6 3
21.18 -6.18 20.37 255 7 3
21.18 -6.18 20.37 255 7 3
21.18 -6.18 20.37 255 8 3
21.18 -6.18 20.37 255 9 3
21.19 -6.17 20.37 255 9 3
21.22 -6.16 20.38 255 10 3
21.28 -6.13 20.40 255 11 3
21.36 -6.10 20.43 255 12 3
21.45 -6.04 20.48 255 13 3
21.55 -5.96 20.54 255 14 2
21.66 -5.87 20.62 255 15 2
21.79 -5.76 20.71 255 16 2
21.94 -5.64 20.81 255 17 2
22.10 -5.51 20.92 255 18 2
22.28 -5.36 21.04 255 19 2
22.48 -5.20 21.17 255 20 2
22.66 -5.01 21.33 255 21 2
22.80 -4.78 21.52 255 22 2
22.96 -4.54 21.72 255 23 2
23.13 -4.28 21.94 255 24 2
23.31 -4.00 22.17 255 25 2
23.41 -3.70 22.43 255 26 2
23.50 -3.37 22.71 255 28 2
23.60 -3.03 23.00 255 29 1
23.68 -2.67 23.31 255 30 1
23.69 -2.29 23.64 255 31 1
23.70 -1.90 23.98 255 33 1
23.71 -1.49 24.34 255 34 1
23.65 -1.08 24.71 255 35 1
23.57 -0.65 25.10 255 37 1
23.50 -0.21 25.50 255 38 1
23.35 0.23 25.91 255 39 1
23.20 0.67 26.33 255 41 1
23.04 1.13 26.76 255 42 1
22.81 1.58 27.21 255 43 1
22.57 2.04 27.67 255 45 1
22.31 2.49 28.14 255 46 1
22.01 2.94 28.62 255 48 1
21.70 3.39 29.11 255 49 1
21.33 3.80 29.62 255 51 1
20.94 4.23 30.14 255 52 1
20.51 4.67 30.61 255 54 1
20.06 5.13 31.08 255 55 0
19.57 5.65 31.48 255 57 0
19.07 6.18 31.88 255 58 0
18.54 6.74 32.22 255 60 0
18.00 7.32 32.56 255 62 0
17.45 7.90 32.88 255 63 0
16.87 8.51 33.18 255 65 0
16.29 9.12 33.48 255 66 0
15.68 9.75 33.73 255 68 0
15.07 10.39 33.99 255 70 0
14.43 11.03 34.23 255 71 0
13.78 11.67 34.46 255 73 0
13.11 12.33 34.68 255 75 0
12.42 12.98 34.88 255 76 0
11.72 13.63 35.07 255 78 0
10.99 14.28 35.24 255 80 0
10.24 14.93 35.39 255 81 0
9.48 15.57 35.54 255 83 0
8.68 16.19 35.65 255 85 0
7.86 16.81 35.76 255 86 0
6.99 17.39 35.82 255 88 0
6.11 17.94 35.87 255 90 0
5.17 18.42 35.86 255 92 0
4.19 18.81 35.81 255 93 0
3.16 19.10 35.69 255 95 0
2.11 19.10 35.46 255 97 0
1.11 18.84 35.16 255 98 0
0.16 18.42 34.82 255 100 0
-0.71 17.85 34.46 255 102 0
-1.48 17.16 34.07 255 104 0
-2.23 16.43 33.69 255 105 0
-2.87 15.60 33.29 255 107 0
-3.49 14.75 32.90 255 109 0
-4.05 13.85 32.51 255 111 0
-4.56 12.91 32.12 255 112 0
-5.01 11.95 31.73 255 114 0
-5.41 10.94 31.35 255 116 0
-5.76 9.92 30.98 255 117 0
-6.02 8.85 30.62 255 119 0
-6.24 7.78 30.27 255 121 0
-6.32 6.67 29.95 255 123 0
-6.29 5.55 29.67 255 124 0
-6.13 4.42 29.42 255 126 0
-5.72 3.35 29.26 255 128 0
-5.01 2.44 29.17 255 129 0
-4.07 1.77 29.11 255 131 0
-3.01 1.31 29.07 255 133 0
-1.87 1.02 29.05 255 134 0
-0.71 0.87 29.06 255 136 0
0.45 0.76 29.09 255 138 0
1.62 0.74 29.15 255 140 0
2.79 0.74 29.23 255 141 0
3.96 0.77 29.33 255 143 0
5.12 0.82 29.47 255 144 0
6.28 0.88 29.63 255 146 0
7.42 0.92 29.85 255 148 0
8.56 0.97 30.08 255 149 0
9.68 0.97 30.41 255 151 0
10.77 0.94 30.80 255 153 0
11.83 0.84 31.26 255 154 0
12.76 0.60 31.90 255 156 0
13.49 0.19 32.67 255 157 0
14.02 -0.27 33.57 255 159 0
14.44 -0.58 34.57 255 160 0
14.85 -0.55 35.64 255 162 0
15.20 -0.21 36.67 255 163 0
15.49 0.26 37.65 255 165 0
15.74 0.81 38.59 255 166 0
15.94 1.45 39.50 255 168 0
16.07 2.12 40.37 255 169 0
16.17 2.82 41.23 255 171 0
16.19 3.54 42.07 255 172 0
16.14 4.25 42.90 255 173 0
16.03 4.96 43.72 255 175 0
15.79 5.62 44.54 254 176 0
15.40 6.20 45.35 254 178 0
14.85 6.65 46.12 252 179 2
14.10 6.88 46.82 251 180 3
13.21 6.83 47.36 249 182 5
12.28 6.83 47.83 246 183 8
11.39 7.02 48.29 243 184 11
10.53 7.35 48.76 240 185 14
9.76 7.83 49.20 236 187 18
9.00 8.33 49.63 232 188 22
8.31 8.91 50.04 228 189 26
7.62 9.48 50.44 223 190 31
6.96 10.09 50.82 219 191 35
6.31 10.70 51.19 213 192 41
5.68 11.30 51.55 208 194 46
5.05 11.92 51.90 202 195 52
4.44 12.52 52.24 196 196 58
3.83 13.12 52.56 190 197 64
3.22 13.71 52.87 184 198 70
2.62 14.29 53.18 177 199 77
2.00 14.84 53.46 171 200 83
1.39 15.38 53.74 164 201 90
0.77 15.89 54.01 157 202 97
0.13 16.36 54.26 150 202 104
-0.51 16.82 54.50 143 203 111
-1.20 17.18 54.70 136 204 118
-1.88 17.53 54.90 129 205 125
-2.37 17.65 54.98 125 206 129
