Time(ms) X(m) Y(m) Z(m) Vx(m/s) Vy(m/s) Vz(m/s) R G B
4.50 -7.50 0.00 0 255 117
4.50 -7.50 0.00 0 254 116
4.50 -7.50 0.02 1 254 116
4.50 -7.50 0.04 3 252 115
4.50 -7.50 0.07 6 251 114
4.50 -7.50 0.11 9 249 112
4.50 -7.50 0.15 13 246 110
4.50 -7.50 0.21 18 243 108
4.50 -7.50 0.27 24 240 106
4.50 -7.50 0.34 30 237 103
4.50 -7.50 0.42 36 233 100
4.50 -7.50 0.50 43 229 97
4.50 -7.50 0.59 51 224 93
4.50 -7.50 0.69 58 220 90
4.50 -7.50 0.79 67 215 86
4.50 -7.50 0.90 75 210 82
4.50 -7.50 1.02 84 205 78
4.50 -7.50 1.14 93 200 74
4.50 -7.50 1.27 102 194 70
4.50 -7.50 1.40 111 189 66
4.50 -7.50 1.54 120 183 61
4.50 -7.50 1.68 129 178 57
4.50 -7.50 1.83 139 173 53
4.50 -7.50 1.98 148 167 48
4.50 -7.50 2.13 157 162 44
4.50 -7.50 2.29 166 156 40
4.50 -7.50 2.45 175 151 36
4.50 -7.50 2.62 183 146 32
4.50 -7.50 2.79 192 141 28
4.50 -7.50 2.96 200 137 25
4.50 -7.50 3.13 207 132 21
4.50 -7.50 3.31 214 128 18
4.50 -7.50 3.49 221 124 15
4.50 -7.50 3.67 227 120 12
4.50 -7.50 3.85 233 117 9
4.50 -7.50 4.04 238 114 7
4.50 -7.50 4.22 243 111 5
4.50 -7.50 4.41 247 109 3
4.50 -7.50 4.59 250 107 2
4.50 -7.50 4.78 252 106 1
4.50 -7.50 4.97 254 105 0
4.50 -7.50 5.16 254 104 0
4.50 -7.50 5.34 254 104 0
4.50 -7.50 5.53 254 105 0
4.50 -7.50 5.72 253 106 0
4.50 -7.50 5.90 252 107 0
4.50 -7.50 6.09 250 108 0
4.50 -7.50 6.27 248 110 0
4.50 -7.50 6.45 245 112 0
4.50 -7.50 6.63 242 114 0
4.50 -7.50 6.81 239 117 0
4.50 -7.50 6.98 235 120 0
4.50 -7.50 7.15 232 123 0
4.50 -7.50 7.32 228 126 1
4.50 -7.50 7.49 223 129 1
4.50 -7.50 7.65 219 133 1
4.50 -7.50 7.81 214 137 1
4.50 -7.50 7.97 209 141 1
4.50 -7.50 8.12 204 145 2
4.50 -7.50 8.27 199 149 2
4.50 -7.50 8.41 194 153 2
4.50 -7.50 8.55 188 158 3
4.50 -7.50 8.69 183 162 3
4.50 -7.50 8.82 177 167 3
4.50 -7.50 8.94 171 171 4
4.50 -7.50 9.06 166 176 4
4.50 -7.50 9.17 160 181 5
4.50 -7.50 9.28 154 185 5
4.50 -7.50 9.38 148 190 6
4.50 -7.50 9.47 143 194 6
4.50 -7.50 9.56 137 199 7
4.50 -7.50 9.64 132 203 8
4.50 -7.50 9.71 126 208 8
4.50 -7.50 9.77 121 212 9
4.50 -7.50 9.83 116 216 10
4.50 -7.50 9.88 111 220 10
4.50 -7.50 9.92 106 224 11
4.50 -7.50 9.95 101 228 12
4.50 -7.50 9.98 97 231 13
4.50 -7.50 9.99 93 235 14
4.50 -7.50 10.00 89 238 15
4.50 -7.50 10.00 85 241 15
4.50 -7.50 10.00 82 243 16
4.50 -7.50 10.00 79 246 17
4.50 -7.50 10.00 76 248 19
4.50 -7.50 10.00 74 250 20
4.50 -7.50 10.00 72 251 21
4.50 -7.50 10.00 70 253 22
4.50 -7.50 10.00 69 254 23
4.50 -7.50 10.00 68 254 24
4.50 -7.50 10.00 68 254 26
4.50 -7.50 10.00 68 254 27
4.50 -7.50 10.00 68 254 28
4.50 -7.50 10.00 68 254 30
4.50 -7.50 10.00 68 254 31
4.50 -7.50 10.00 69 254 33
4.50 -7.50 10.00 69 253 34
4.50 -7.50 10.00 69 253 36
4.50 -7.50 10.00 69 252 37
4.50 -7.50 10.00 70 251 39
4.50 -7.50 10.00 70 251 41
4.50 -7.50 10.00 70 250 42
4.50 -7.50 10.00 71 249 44
4.50 -7.50 10.00 71 248 46
4.50 -7.50 10.00 71 247 48
4.50 -7.50 10.00 72 246 49
4.50 -7.50 10.00 72 245 51
4.50 -7.50 10.00 73 243 53
4.50 -7.50 10.00 74 242 55
4.50 -7.50 10.00 74 241 57
4.50 -7.50 10.00 75 239 59
4.50 -7.50 10.00 75 238 61
4.50 -7.50 10.00 76 236 63
4.50 -7.50 10.00 77 235 65
4.50 -7.50 10.00 77 233 67
4.50 -7.50 10.00 78 231 69
4.50 -7.49 10.01 79 229 71
4.50 -7.49 10.01 80 228 73
4.50 -7.48 10.02 80 226 75
4.51 -7.47 10.03 81 224 77
4.51 -7.46 10.04 82 222 80
4.51 -7.45 10.06 83 220 82
4.51 -7.43 10.07 84 218 84
4.52 -7.42 10.09 85 216 86
4.52 -7.40 10.11 86 214 89
4.53 -7.38 10.13 87 211 91
4.53 -7.36 10.15 88 209 93
4.53 -7.34 10.18 89 207 95
4.54 -7.31 10.21 90 205 98
4.55 -7.29 10.24 91 202 100
4.55 -7.26 10.27 92 200 102
4.56 -7.23 10.30 93 198 105
4.56 -7.20 10.33 94 195 107
4.57 -7.16 10.37 95 193 109
4.58 -7.13 10.41 96 190 112
4.59 -7.09 10.45 97 188 114
4.59 -7.06 10.49 98 185 116
4.60 -7.02 10.53 99 183 119
4.61 -6.98 10.58 100 180 121
4.62 -6.93 10.62 101 177 123
4.63 -6.89 10.67 102 175 126
4.64 -6.85 10.72 104 172 128
4.65 -6.80 10.77 105 169 131
4.66 -6.75 10.83 106 167 133
4.67 -6.70 10.88 107 164 135
4.68 -6.65 10.94 108 161 138
4.69 -6.60 10.99 109 158 140
4.70 -6.55 11.05 111 156 142
4.71 -6.49 11.11 112 153 145
4.72 -6.43 11.18 113 150 147
4.74 -6.38 11.24 114 147 150
4.75 -6.32 11.31 115 145 152
4.76 -6.26 11.37 117 142 154
4.77 -6.19 11.44 118 139 157
4.79 -6.13 11.51 119 136 159
4.80 -6.07 11.58 120 133 161
4.82 -6.00 11.66 121 131 164
4.83 -5.93 11.73 123 128 166
4.84 -5.86 11.81 124 125 168
4.86 -5.79 11.88 125 122 170
4.87 -5.72 11.96 126 119 173
4.89 -5.65 12.04 127 117 175
4.90 -5.58 12.12 129 114 177
4.92 -5.50 12.20 130 111 179
4.94 -5.43 12.29 131 108 182
4.95 -5.35 12.37 132 106 184
4.97 -5.27 12.46 133 103 186
4.98 -5.19 12.55 135 100 188
5.00 -5.11 12.63 136 97 190
5.02 -5.03 12.72 137 95 192
5.04 -4.95 12.81 138 92 194
5.05 -4.87 12.91 139 89 196
5.07 -4.78 13.00 140 87 198
5.09 -4.69 13.10 141 84 201
5.11 -4.61 13.19 143 82 203
5.13 -4.52 13.29 144 79 204
5.14 -4.43 13.39 145 77 206
5.16 -4.34 13.49 146 74 208
5.18 -4.25 13.59 147 72 210
5.20 -4.16 13.69 148 69 212
5.22 -4.07 13.79 149 67 214
5.24 -3.97 13.89 150 64 216
5.26 -3.88 14.00 151 62 218
5.28 -3.78 14.10 152 60 219
5.30 -3.69 14.21 153 57 221
5.32 -3.59 14.32 154 55 223
5.34 -3.49 14.43 155 53 224
5.36 -3.39 14.54 156 51 226
5.38 -3.29 14.65 157 49 227
5.41 -3.19 14.76 158 47 229
5.43 -3.09 14.87 158 45 230
5.45 -2.99 14.98 159 43 232
5.47 -2.88 15.10 160 41 233
5.49 -2.78 15.21 161 39 235
5.51 -2.67 15.33 162 37 236
5.54 -2.57 15.44 162 35 237
5.56 -2.46 15.56 163 34 239
5.58 -2.35 15.68 164 32 240
5.60 -2.25 15.80 165 30 241
5.63 -2.14 15.92 165 29 242
5.65 -2.03 16.04 166 27 243
5.67 -1.92 16.16 167 26 244
5.70 -1.81 16.28 167 25 245
5.72 -1.70 16.41 168 23 246
5.74 -1.58 16.53 168 22 247
5.77 -1.47 16.65 169 21 248
5.79 -1.36 16.78 169 20 249
5.81 -1.24 16.90 170 19 250
5.84 -1.13 17.03 170 18 250
5.86 -1.01 17.16 170 17 251
5.89 -0.90 17.28 171 16 252
5.91 -0.78 17.41 171 15 252
5.94 -0.67 17.54 171 14 253
5.96 -0.55 17.67 172 14 253
5.99 -0.43 17.80 172 13 253
6.01 -0.31 17.93 172 13 254
6.04 -0.19 18.06 172 12 254
6.06 -0.08 18.19 172 12 254
6.09 0.04 18.32 173 12 254
6.11 0.16 18.46 173 12 254
6.14 0.28 18.59 173 12 255
6.16 0.40 18.72 173 12 255
6.19 0.53 18.86 172 12 255
6.21 0.65 18.99 172 12 255
6.24 0.77 19.13 172 12 255
6.26 0.89 19.26 172 13 255
6.29 1.01 19.40 171 13 255
6.32 1.14 19.53 171 13 255
6.34 1.26 19.67 170 14 255
6.37 1.38 19.80 170 14 255
6.39 1.51 19.94 169 15 255
6.42 1.63 20.08 168 16 255
6.45 1.76 20.22 167 16 255
6.47 1.88 20.35 167 17 255
6.50 2.01 20.49 166 18 255
6.52 2.13 20.63 165 19 255
6.55 2.26 20.77 164 19 255
6.58 2.38 20.91 163 20 255
6.60 2.51 21.04 162 21 255
6.63 2.63 21.18 160 22 255
6.66 2.76 21.32 159 23 255
6.68 2.89 21.46 158 24 255
6.71 3.01 21.60 157 26 255
6.74 3.14 21.74 155 27 255
6.76 3.27 21.88 154 28 255
6.79 3.39 22.02 152 29 255
6.82 3.52 22.16 151 31 255
6.84 3.65 22.30 149 32 255
6.87 3.77 22.44 148 33 255
6.90 3.90 22.58 146 35 255
6.92 4.03 22.72 144 36 255
6.95 4.15 22.86 143 38 255
6.98 4.28 23.00 141 39 255
7.00 4.41 23.14 139 40 255
7.03 4.53 23.28 137 42 255
7.06 4.66 23.42 136 44 255
7.08 4.79 23.56 134 45 255
7.11 4.91 23.70 132 47 255
7.14 5.04 23.84 130 48 255
7.16 5.17 23.98 128 50 255
7.19 5.29 24.12 126 52 255
7.22 5.42 24.26 124 53 255
7.24 5.55 24.40 122 55 255
7.27 5.67 24.53 120 57 255
7.29 5.80 24.67 118 59 255
7.32 5.92 24.81 116 60 255
7.35 6.05 24.95 114 62 255
7.37 6.17 25.09 112 64 255
7.40 6.30 25.23 110 66 255
7.43 6.42 25.36 108 67 255
7.45 6.55 25.50 106 69 255
7.48 6.67 25.64 104 71 255
7.50 6.79 25.77 102 73 255
7.53 6.92 25.91 100 75 255
7.56 7.04 26.05 98 76 255
7.58 7.16 26.18 95 78 255
7.61 7.29 26.32 93 80 255
7.63 7.41 26.45 91 82 255
7.66 7.53 26.59 89 84 255
7.68 7.65 26.72 87 85 255
7.71 7.77 26.85 85 87 255
7.74 7.89 26.99 83 89 255
7.76 8.01 27.12 81 91 255
7.79 8.13 27.25 79 93 255
7.81 8.25 27.38 77 94 255
7.84 8.37 27.52 75 96 255
7.86 8.49 27.65 73 98 255
7.89 8.61 27.78 71 100 255
7.91 8.73 27.91 69 101 255
7.93 8.84 28.04 67 103 255
7.96 8.96 28.16 65 105 255
7.98 9.08 28.29 63 106 255
8.01 9.19 28.42 61 108 255
8.03 9.31 28.55 59 110 255
8.06 9.42 28.67 57 111 255
8.08 9.54 28.80 55 113 255
8.10 9.65 28.92 53 114 255
8.13 9.76 29.05 52 116 255
8.15 9.87 29.17 50 117 255
8.17 9.98 29.29 48 119 255
8.20 10.09 29.42 47 120 255
8.22 10.20 29.54 45 122 255
8.24 10.31 29.66 43 123 255
8.27 10.42 29.78 42 124 255
8.29 10.53 29.90 40 126 255
8.31 10.64 30.01 39 127 255
8.33 10.74 30.13 37 128 255
8.36 10.85 30.25 36 129 255
8.38 10.95 30.36 34 131 255
8.40 11.06 30.48 33 132 255
8.42 11.16 30.59 32 133 255
8.44 11.26 30.71 31 134 255
8.46 11.36 30.82 29 135 255
8.49 11.47 30.93 28 136 255
8.51 11.57 31.04 27 137 255
8.53 11.66 31.15 26 138 255
8.55 11.76 31.26 25 139 255
8.57 11.86 31.36 24 139 255
8.59 11.96 31.47 24 140 255
8.61 12.05 31.58 23 141 255
8.63 12.15 31.68 22 141 255
8.65 12.24 31.78 21 142 255
8.67 12.33 31.89 21 142 255
8.69 12.42 31.99 20 143 255
8.71 12.52 32.09 20 143 255
8.73 12.60 32.19 19 144 255
8.74 12.69 32.28 19 144 255
8.76 12.78 32.38 19 144 255
8.78 12.87 32.48 19 144 255
8.80 12.95 32.57 19 144 255
8.82 13.04 32.66 19 144 254
8.83 13.12 32.76 19 144 254
8.85 13.20 32.85 21 143 252
8.87 13.29 32.94 23 142 250
8.89 13.37 33.03 26 140 247
8.90 13.44 33.11 29 138 243
8.92 13.52 33.20 34 135 239
8.93 13.60 33.28 39 132 234
8.95 13.67 33.37 44 129 228
8.97 13.75 33.45 50 125 222
8.98 13.82 33.53 57 121 215
9.00 13.89 33.61 64 117 207
9.01 13.96 33.69 71 112 200
9.03 14.03 33.76 78 108 192
9.04 14.10 33.84 86 103 183
9.05 14.17 33.91 95 98 175
9.07 14.23 33.98 103 92 166
9.08 14.30 34.06 112 87 157
9.09 14.36 34.13 120 82 148
9.11 14.42 34.19 129 76 139
9.12 14.48 34.26 138 71 129
9.13 14.54 34.33 147 66 120
9.14 14.60 34.39 156 60 111
9.16 14.66 34.45 164 55 102
9.17 14.71 34.51 173 50 93
9.18 14.77 34.57 181 44 84
9.19 14.82 34.63 189 39 75
9.20 14.87 34.68 197 35 67
9.21 14.92 34.74 205 30 59
9.22 14.97 34.79 212 26 51
9.23 15.01 34.84 219 21 44
9.24 15.06 34.89 225 18 37
9.25 15.10 34.94 231 14 31
9.26 15.14 34.99 236 11 26
9.27 15.18 35.03 241 8 21
9.28 15.22 35.07 245 5 16
9.28 15.26 35.11 248 3 13
9.29 15.29 35.15 251 2 10
9.30 15.33 35.19 253 0 7
9.30 15.36 35.23 254 0 6
9.31 15.39 35.26 255 0 6
9.32 15.42 35.29 255 0 6
9.32 15.45 35.32 255 0 5
9.33 15.47 35.35 255 0 5
9.33 15.50 35.38 255 0 5
9.34 15.52 35.40 255 0 5
9.34 15.54 35.43 255 0 5
9.35 15.56 35.45 255 0 5
9.35 15.58 35.47 255 1 5
9.35 15.60 35.49 255 1 4
9.36 15.61 35.50 255 1 4
9.36 15.62 35.52 255 2 4
9.36 15.63 35.53 255 2 4
9.36 15.64 35.54 255 3 4
9.36 15.65 35.54 255 3 4
9.37 15.65 35.55 255 4 4
9.37 15.66 35.55 255 4 4
9.37 15.66 35.56 255 5 4
9.37 15.66 35.56 255 5 4
9.37 15.66 35.56 255 6 3
9.37 15.66 35.56 255 7 3
9.37 15.66 35.56 255 7 3
9.37 15.66 35.56 255 8 3
9.37 15.66 35.56 255 9 3
9.36 15.67 35.56 255 9 3
9.33 15.69 35.56 255 10 3
9.27 15.73 35.57 255 11 3
9.20 15.79 35.58 255 12 3
9.11 15.86 35.59 255 13 3
9.00 15.94 35.61 255 14 2
8.87 16.04 35.63 255 15 2
8.72 16.16 35.65 255 16 2
8.55 16.29 35.67 255 17 2
8.36 16.44 35.70 255 18 2
8.16 16.60 35.73 255 19 2
7.93 16.77 35.76 255 20 2
7.67 16.94 35.78 255 21 2
7.40 17.12 35.79 255 22 2
7.10 17.31 35.82 255 23 2
6.79 17.52 35.84 255 24 2
6.46 17.74 35.86 255 25 2
6.09 17.95 35.87 255 26 2
5.70 18.15 35.87 255 28 2
5.29 18.36 35.87 255 29 1
4.86 18.58 35.86 255 30 1
4.39 18.75 35.83 255 31 1
3.90 18.90 35.78 255 33 1
3.38 19.06 35.72 255 34 1
2.84 19.10 35.62 255 35 1
2.27 19.10 35.50 255 37 1
1.70 19.04 35.35 255 38 1
1.14 18.85 35.17 255 39 1
0.57 18.65 34.98 255 41 1
0.04 18.34 34.77 255 42 1
-0.49 17.99 34.55 255 43 1
-1.01 17.61 34.32 255 45 1
-1.49 17.15 34.07 255 46 1
-1.98 16.69 33.82 255 48 1
-2.43 16.17 33.56 255 49 1
-2.87 15.61 33.30 255 51 1
-3.31 15.05 33.03 255 52 1
-3.70 14.42 32.75 255 54 1
-4.09 13.78 32.48 255 55 0
-4.46 13.11 32.20 255 57 0
-4.79 12.41 31.91 255 58 0
-5.13 11.69 31.63 255 60 0
-5.41 10.93 31.35 255 62 0
-5.68 10.15 31.06 255 63 0
-5.91 9.35 30.78 255 65 0
-6.09 8.51 30.51 255 66 0
-6.25 7.66 30.24 255 68 0
-6.31 6.77 29.98 255 70 0
-6.32 5.87 29.74 255 71 0
-6.22 4.96 29.53 255 73 0
-5.99 4.05 29.36 255 75 0
-5.64 3.15 29.24 255 76 0
-4.99 2.42 29.17 255 78 0
-4.21 1.84 29.12 255 80 0
-3.32 1.39 29.07 255 81 0
-2.34 1.14 29.06 255 83 0
-1.35 0.93 29.05 255 85 0
-0.32 0.83 29.07 255 86 0
0.71 0.76 29.10 255 88 0
1.76 0.74 29.16 255 90 0
2.81 0.74 29.23 255 92 0
3.87 0.77 29.33 255 93 0
4.94 0.81 29.45 255 95 0
6.01 0.86 29.60 255 97 0
7.08 0.91 29.78 255 98 0
8.15 0.95 30.00 255 100 0
9.21 0.97 30.28 255 102 0
10.27 0.97 30.59 255 104 0
11.29 0.89 31.03 255 105 0
12.26 0.74 31.55 255 107 0
13.14 0.47 32.19 255 109 0
13.74 -0.02 33.02 255 111 0
14.19 -0.43 33.97 255 112 0
14.61 -0.57 35.00 255 114 0
14.99 -0.41 36.06 255 116 0
15.34 -0.05 37.09 255 117 0
15.61 0.49 38.07 255 119 0
15.84 1.11 39.01 255 121 0
16.02 1.78 39.94 255 123 0
16.13 2.50 40.84 255 124 0
16.18 3.25 41.73 255 126 0
16.17 4.01 42.61 255 128 0
16.07 4.77 43.49 255 129 0
15.84 5.49 44.38 255 131 0
15.45 6.14 45.26 255 133 0
14.86 6.65 46.11 255 134 0
14.02 6.87 46.87 255 136 0
13.01 6.83 47.46 255 138 0
11.96 6.83 47.98 255 140 0
10.98 7.17 48.51 255 141 0
10.05 7.64 49.03 255 143 0
9.17 8.22 49.54 255 144 0
8.33 8.88 50.02 255 146 0
7.52 9.57 50.50 255 148 0
6.73 10.30 50.95 255 149 0
5.95 11.04 51.40 255 151 0
5.18 11.79 51.83 255 153 0
4.41 12.55 52.25 255 154 0
3.64 13.31 52.66 255 156 0
2.86 14.06 53.06 255 157 0
2.06 14.79 53.44 255 159 0
1.25 15.51 53.81 255 160 0
0.39 16.17 54.16 255 162 0
-0.49 16.81 54.49 255 163 0
-1.46 17.31 54.77 255 165 0
-2.49 17.67 55.00 255 166 0
-3.58 17.79 55.14 255 168 0
-4.67 17.54 55.14 255 169 0
-5.62 17.09 54.78 255 171 0
-6.42 16.74 54.13 255 172 0
-7.09 16.46 53.33 255 173 0
-7.64 16.24 52.42 255 175 0
-8.08 16.05 51.45 254 176 0
-8.48 15.88 50.46 254 178 0
-8.79 15.73 49.45 252 179 2
-9.08 15.58 48.45 251 180 3
-9.30 15.43 47.43 249 182 5
-9.51 15.28 46.42 246 183 8
-9.67 15.11 45.41 243 184 11
-9.81 14.93 44.41 240 185 14
-9.91 14.74 43.43 236 187 18
-9.98 14.51 42.45 232 188 22
-10.04 14.26 41.49 228 189 26
-10.04 13.95 40.56 223 190 31
-10.01 13.61 39.65 219 191 35
-9.93 13.17 38.80 213 192 41
-9.79 12.62 38.05 208 194 46
-9.61 11.99 37.38 202 195 52
-9.31 11.17 37.07 196 196 58
-8.89 10.42 36.80 190 197 64
-8.34 9.75 36.54 184 198 70
-7.62 9.50 36.09 177 199 77
-6.90 9.28 35.64 171 200 83
-6.19 9.27 35.15 164 201 90
-5.49 9.25 34.67 157 202 97
-4.81 9.29 34.20 150 202 104
-4.14 9.38 33.73 143 203 111
-3.49 9.47 33.27 136 204 118
-2.85 9.57 32.81 129 205 125
-2.44 9.66 32.51 125 206 129
