Time(ms) X(m) Y(m) Z(m) Vx(m/s) Vy(m/s) Vz(m/s) R G B
4.50 4.50 0.00 0 255 117
4.50 4.50 0.00 0 254 116
4.50 4.50 0.02 1 254 116
4.50 4.50 0.04 3 252 115
4.50 4.50 0.07 6 251 114
4.50 4.50 0.11 9 249 112
4.50 4.50 0.15 13 246 110
4.50 4.50 0.21 18 243 108
4.50 4.50 0.27 24 240 106
4.50 4.50 0.34 30 237 103
4.50 4.50 0.42 36 233 100
4.50 4.50 0.50 43 229 97
4.50 4.50 0.59 51 224 93
4.50 4.50 0.69 58 220 90
4.50 4.50 0.79 67 215 86
4.50 4.50 0.90 75 210 82
4.50 4.50 1.02 84 205 78
4.50 4.50 1.14 93 200 74
4.50 4.50 1.27 102 194 70
4.50 4.50 1.40 111 189 66
4.50 4.50 1.54 120 183 61
4.50 4.50 1.68 129 178 57
4.50 4.50 1.83 139 173 53
4.50 4.50 1.98 148 167 48
4.50 4.50 2.13 157 162 44
4.50 4.50 2.29 166 156 40
4.50 4.50 2.45 175 151 36
4.50 4.50 2.62 183 146 32
4.50 4.50 2.79 192 141 28
4.50 4.50 2.96 200 137 25
4.50 4.50 3.13 207 132 21
4.50 4.50 3.31 214 128 18
4.50 4.50 3.49 221 124 15
4.50 4.50 3.67 227 120 12
4.50 4.50 3.85 233 117 9
4.50 4.50 4.04 238 114 7
4.50 4.50 4.22 243 111 5
4.50 4.50 4.41 247 109 3
4.50 4.50 4.59 250 107 2
4.50 4.50 4.78 252 106 1
4.50 4.50 4.97 254 105 0
4.50 4.50 5.16 254 104 0
4.50 4.50 5.34 254 104 0
4.50 4.50 5.53 254 105 0
4.50 4.50 5.72 253 106 0
4.50 4.50 5.90 252 107 0
4.50 4.50 6.09 250 108 0
4.50 4.50 6.27 248 110 0
4.50 4.50 6.45 245 112 0
4.50 4.50 6.63 242 114 0
4.50 4.50 6.81 239 117 0
4.50 4.50 6.98 235 120 0
4.50 4.50 7.15 232 123 0
4.50 4.50 7.32 228 126 1
4.50 4.50 7.49 223 129 1
4.50 4.50 7.65 219 133 1
4.50 4.50 7.81 214 137 1
4.50 4.50 7.97 209 141 1
4.50 4.50 8.12 204 145 2
4.50 4.50 8.27 199 149 2
4.50 4.50 8.41 194 153 2
4.50 4.50 8.55 188 158 3
4.50 4.50 8.69 183 162 3
4.50 4.50 8.82 177 167 3
4.50 4.50 8.94 171 171 4
4.50 4.50 9.06 166 176 4
4.50 4.50 9.17 160 181 5
4.50 4.50 9.28 154 185 5
4.50 4.50 9.38 148 190 6
4.50 4.50 9.47 143 194 6
4.50 4.50 9.56 137 199 7
4.50 4.50 9.64 132 203 8
4.50 4.50 9.71 126 208 8
4.50 4.50 9.77 121 212 9
4.50 4.50 9.83 116 216 10
4.50 4.50 9.88 111 220 10
4.50 4.50 9.92 106 224 11
4.50 4.50 9.95 101 228 12
4.50 4.50 9.98 97 231 13
4.50 4.50 9.99 93 235 14
4.50 4.50 10.00 89 238 15
4.50 4.50 10.00 85 241 15
4.50 4.50 10.00 82 243 16
4.50 4.50 10.00 79 246 17
4.50 4.50 10.00 76 248 19
4.50 4.50 10.00 74 250 20
4.50 4.50 10.00 72 251 21
4.50 4.50 10.00 70 253 22
4.50 4.50 10.00 69 254 23
4.50 4.50 10.00 68 254 24
4.50 4.50 10.00 68 254 26
4.50 4.50 10.00 68 254 27
4.50 4.50 10.00 68 254 28
4.50 4.50 10.00 68 254 30
4.50 4.50 10.00 68 254 31
4.50 4.50 10.00 69 254 33
4.50 4.50 10.00 69 253 34
4.50 4.50 10.00 69 253 36
4.50 4.50 10.00 69 252 37
4.50 4.50 10.00 70 251 39
4.50 4.50 10.00 70 251 41
4.50 4.50 10.00 70 250 42
4.50 4.50 10.00 71 249 44
4.50 4.50 10.00 71 248 46
4.50 4.50 10.00 71 247 48
4.50 4.50 10.00 72 246 49
4.50 4.50 10.00 72 245 51
4.50 4.50 10.00 73 243 53
4.50 4.50 10.00 74 242 55
4.50 4.50 10.00 74 241 57
4.50 4.50 10.00 75 239 59
4.50 4.50 10.00 75 238 61
4.50 4.50 10.00 76 236 63
4.50 4.50 10.00 77 235 65
4.50 4.50 10.00 77 233 67
4.50 4.50 10.00 78 231 69
4.50 4.50 10.01 79 229 71
4.51 4.50 10.01 80 228 73
4.51 4.50 10.02 80 226 75
4.51 4.51 10.03 81 224 77
4.52 4.51 10.04 82 222 80
4.52 4.51 10.05 83 220 82
4.53 4.51 10.07 84 218 84
4.54 4.52 10.08 85 216 86
4.55 4.52 10.10 86 214 89
4.56 4.53 10.12 87 211 91
4.57 4.53 10.14 88 209 93
4.58 4.54 10.17 89 207 95
4.59 4.54 10.19 90 205 98
4.60 4.55 10.22 91 202 100
4.62 4.55 10.25 92 200 102
4.63 4.56 10.28 93 198 105
4.65 4.57 10.31 94 195 107
4.66 4.57 10.34 95 193 109
4.68 4.58 10.38 96 190 112
4.70 4.59 10.42 97 188 114
4.72 4.60 10.45 98 185 116
4.73 4.61 10.49 99 183 119
4.75 4.62 10.54 100 180 121
4.78 4.63 10.58 101 177 123
4.80 4.64 10.62 102 175 126
4.82 4.65 10.67 104 172 128
4.84 4.66 10.72 105 169 131
4.86 4.67 10.77 106 167 133
4.89 4.68 10.82 107 164 135
4.91 4.69 10.87 108 161 138
4.94 4.70 10.92 109 158 140
4.97 4.71 10.98 111 156 142
4.99 4.72 11.03 112 153 145
5.02 4.74 11.09 113 150 147
5.05 4.75 11.15 114 147 150
5.08 4.76 11.21 115 145 152
5.11 4.78 11.27 117 142 154
5.14 4.79 11.34 118 139 157
5.17 4.80 11.40 119 136 159
5.20 4.82 11.47 120 133 161
5.23 4.83 11.53 121 131 164
5.26 4.85 11.60 123 128 166
5.30 4.86 11.67 124 125 168
5.33 4.88 11.74 125 122 170
5.37 4.90 11.82 126 119 173
5.40 4.91 11.89 127 117 175
5.44 4.93 11.97 129 114 177
5.47 4.94 12.04 130 111 179
5.51 4.96 12.12 131 108 182
5.55 4.98 12.20 132 106 184
5.58 5.00 12.28 133 103 186
5.62 5.01 12.36 135 100 188
5.66 5.03 12.44 136 97 190
5.70 5.05 12.53 137 95 192
5.74 5.07 12.61 138 92 194
5.78 5.09 12.70 139 89 196
5.82 5.10 12.78 140 87 198
5.87 5.12 12.87 141 84 201
5.91 5.14 12.96 143 82 203
5.95 5.16 13.05 144 79 204
5.99 5.18 13.14 145 77 206
6.04 5.20 13.23 146 74 208
6.08 5.22 13.32 147 72 210
6.13 5.24 13.42 148 69 212
6.17 5.26 13.51 149 67 214
6.22 5.28 13.61 150 64 216
6.26 5.31 13.71 151 62 218
6.31 5.33 13.80 152 60 219
6.36 5.35 13.90 153 57 221
6.41 5.37 14.00 154 55 223
6.45 5.39 14.10 155 53 224
6.50 5.41 14.20 156 51 226
6.55 5.44 14.31 157 49 227
6.60 5.46 14.41 158 47 229
6.65 5.48 14.51 158 45 230
6.70 5.50 14.62 159 43 232
6.75 5.53 14.72 160 41 233
6.80 5.55 14.83 161 39 235
6.85 5.57 14.94 162 37 236
6.90 5.60 15.05 162 35 237
6.95 5.62 15.16 163 34 239
7.01 5.64 15.27 164 32 240
7.06 5.67 15.38 165 30 241
7.11 5.69 15.49 165 29 242
7.17 5.72 15.60 166 27 243
7.22 5.74 15.71 167 26 244
7.27 5.77 15.82 167 25 245
7.33 5.79 15.94 168 23 246
7.38 5.82 16.05 168 22 247
7.44 5.84 16.17 169 21 248
7.49 5.87 16.28 169 20 249
7.55 5.89 16.40 170 19 250
7.60 5.92 16.52 170 18 250
7.66 5.94 16.63 170 17 251
7.72 5.97 16.75 171 16 252
7.77 5.99 16.87 171 15 252
7.83 6.02 16.99 171 14 253
7.89 6.05 17.11 172 14 253
7.94 6.07 17.23 172 13 253
8.00 6.10 17.35 172 13 254
8.06 6.12 17.47 172 12 254
8.12 6.15 17.60 172 12 254
8.17 6.18 17.72 173 12 254
8.23 6.20 17.84 173 12 254
8.29 6.23 17.96 173 12 255
8.35 6.26 18.09 173 12 255
8.41 6.29 18.21 172 12 255
8.47 6.31 18.34 172 12 255
8.53 6.34 18.46 172 12 255
8.59 6.37 18.59 172 13 255
8.65 6.39 18.71 171 13 255
8.71 6.42 18.84 171 13 255
8.77 6.45 18.96 170 14 255
8.83 6.48 19.09 170 14 255
8.89 6.50 19.22 169 15 255
8.95 6.53 19.34 168 16 255
9.01 6.56 19.47 167 16 255
9.07 6.59 19.60 167 17 255
9.13 6.61 19.73 166 18 255
9.19 6.64 19.85 165 19 255
9.25 6.67 19.98 164 19 255
9.31 6.70 20.11 163 20 255
9.37 6.73 20.24 162 21 255
9.44 6.75 20.37 160 22 255
9.50 6.78 20.50 159 23 255
9.56 6.81 20.63 158 24 255
9.62 6.84 20.75 157 26 255
9.68 6.87 20.88 155 27 255
9.74 6.89 21.01 154 28 255
9.81 6.92 21.14 152 29 255
9.87 6.95 21.27 151 31 255
9.93 6.98 21.40 149 32 255
9.99 7.01 21.53 148 33 255
10.05 7.04 21.66 146 35 255
10.11 7.06 21.79 144 36 255
10.18 7.09 21.92 143 38 255
10.24 7.12 22.05 141 39 255
10.30 7.15 22.18 139 40 255
10.36 7.18 22.31 137 42 255
10.42 7.20 22.44 136 44 255
10.48 7.23 22.57 134 45 255
10.55 7.26 22.70 132 47 255
10.61 7.29 22.83 130 48 255
10.67 7.32 22.96 128 50 255
10.73 7.35 23.09 126 52 255
10.79 7.37 23.22 124 53 255
10.85 7.40 23.35 122 55 255
10.92 7.43 23.47 120 57 255
10.98 7.46 23.60 118 59 255
11.04 7.49 23.73 116 60 255
11.10 7.51 23.86 114 62 255
11.16 7.54 23.99 112 64 255
11.22 7.57 24.11 110 66 255
11.28 7.60 24.24 108 67 255
11.34 7.62 24.37 106 69 255
11.40 7.65 24.50 104 71 255
11.46 7.68 24.62 102 73 255
11.52 7.71 24.75 100 75 255
11.58 7.73 24.88 98 76 255
11.64 7.76 25.00 95 78 255
11.70 7.79 25.13 93 80 255
11.76 7.82 25.25 91 82 255
11.82 7.84 25.38 89 84 255
11.88 7.87 25.50 87 85 255
11.94 7.90 25.63 85 87 255
12.00 7.92 25.75 83 89 255
12.06 7.95 25.87 81 91 255
12.12 7.98 25.99 79 93 255
12.17 8.00 26.12 77 94 255
12.23 8.03 26.24 75 96 255
12.29 8.06 26.36 73 98 255
12.35 8.08 26.48 71 100 255
12.40 8.11 26.60 69 101 255
12.46 8.13 26.72 67 103 255
12.52 8.16 26.84 65 105 255
12.57 8.19 26.96 63 106 255
12.63 8.21 27.08 61 108 255
12.69 8.24 27.19 59 110 255
12.74 8.26 27.31 57 111 255
12.80 8.29 27.43 55 113 255
12.85 8.31 27.54 53 114 255
12.91 8.34 27.66 52 116 255
12.96 8.36 27.77 50 117 255
13.02 8.39 27.89 48 119 255
13.07 8.41 28.00 47 120 255
13.12 8.44 28.11 45 122 255
13.18 8.46 28.22 43 123 255
13.23 8.49 28.33 42 124 255
13.28 8.51 28.44 40 126 255
13.33 8.53 28.55 39 127 255
13.39 8.56 28.66 37 128 255
13.44 8.58 28.77 36 129 255
13.49 8.60 28.88 34 131 255
13.54 8.63 28.98 33 132 255
13.59 8.65 29.09 32 133 255
13.64 8.67 29.19 31 134 255
13.69 8.70 29.30 29 135 255
13.74 8.72 29.40 28 136 255
13.79 8.74 29.50 27 137 255
13.83 8.76 29.61 26 138 255
13.88 8.78 29.71 25 139 255
13.93 8.81 29.81 24 139 255
13.98 8.83 29.90 24 140 255
14.02 8.85 30.00 23 141 255
14.07 8.87 30.10 22 141 255
14.12 8.89 30.19 21 142 255
14.16 8.91 30.29 21 142 255
14.20 8.93 30.38 20 143 255
14.25 8.95 30.48 20 143 255
14.29 8.97 30.57 19 144 255
14.34 8.99 30.66 19 144 255
14.38 9.01 30.75 19 144 255
14.42 9.03 30.84 19 144 255
14.46 9.05 30.92 19 144 255
14.50 9.07 31.01 19 144 254
14.54 9.09 31.10 19 144 254
14.58 9.10 31.18 21 143 252
14.62 9.12 31.26 23 142 250
14.66 9.14 31.35 26 140 247
14.70 9.16 31.43 29 138 243
14.74 9.18 31.51 34 135 239
14.78 9.19 31.58 39 132 234
14.81 9.21 31.66 44 129 228
14.85 9.23 31.74 50 125 222
14.89 9.24 31.81 57 121 215
14.92 9.26 31.89 64 117 207
14.95 9.27 31.96 71 112 200
14.99 9.29 32.03 78 108 192
15.02 9.30 32.10 86 103 183
15.05 9.32 32.17 95 98 175
15.09 9.33 32.23 103 92 166
15.12 9.35 32.30 112 87 157
15.15 9.36 32.37 120 82 148
15.18 9.38 32.43 129 76 139
15.21 9.39 32.49 138 71 129
15.24 9.40 32.55 147 66 120
15.27 9.42 32.61 156 60 111
15.29 9.43 32.67 164 55 102
15.32 9.44 32.72 173 50 93
15.35 9.45 32.78 181 44 84
15.37 9.46 32.83 189 39 75
15.40 9.47 32.88 197 35 67
15.42 9.49 32.93 205 30 59
15.44 9.50 32.98 212 26 51
15.47 9.51 33.03 219 21 44
15.49 9.52 33.08 225 18 37
15.51 9.53 33.12 231 14 31
15.53 9.54 33.16 236 11 26
15.55 9.54 33.20 241 8 21
15.57 9.55 33.24 245 5 16
15.59 9.56 33.28 248 3 13
15.60 9.57 33.32 251 2 10
15.62 9.58 33.35 253 0 7
15.64 9.58 33.39 254 0 6
15.65 9.59 33.42 255 0 6
15.66 9.60 33.45 255 0 6
15.68 9.60 33.48 255 0 5
15.69 9.61 33.50 255 0 5
15.70 9.62 33.53 255 0 5
15.71 9.62 33.55 255 0 5
15.72 9.62 33.57 255 0 5
15.73 9.63 33.59 255 0 5
15.74 9.63 33.61 255 1 5
15.75 9.64 33.63 255 1 4
15.76 9.64 33.64 255 1 4
15.76 9.64 33.65 255 2 4
15.77 9.64 33.66 255 2 4
15.77 9.65 33.67 255 3 4
15.78 9.65 33.68 255 3 4
15.78 9.65 33.69 255 4 4
15.78 9.65 33.69 255 4 4
15.78 9.65 33.69 255 5 4
15.78 9.65 33.69 255 5 4
15.78 9.65 33.69 255 6 3
15.78 9.65 33.69 255 7 3
15.78 9.65 33.69 255 7 3
15.78 9.65 33.69 255 8 3
15.78 9.65 33.69 255 9 3
15.77 9.66 33.69 255 9 3
15.74 9.69 33.71 255 10 3
15.70 9.73 33.72 255 11 3
15.64 9.79 33.75 255 12 3
15.56 9.87 33.78 255 13 3
15.47 9.97 33.82 255 14 2
15.36 10.09 33.87 255 15 2
15.23 10.22 33.92 255 16 2
15.08 10.37 33.98 255 17 2
14.92 10.53 34.05 255 18 2
14.75 10.71 34.12 255 19 2
14.55 10.91 34.19 255 20 2
14.34 11.12 34.27 255 21 2
14.11 11.34 34.34 255 22 2
13.86 11.59 34.43 255 23 2
13.60 11.84 34.52 255 24 2
13.33 12.11 34.61 255 25 2
13.04 12.40 34.71 255 26 2
12.72 12.69 34.79 255 28 2
12.39 13.00 34.88 255 29 1
12.05 13.32 34.98 255 30 1
11.69 13.66 35.07 255 31 1
11.31 14.01 35.17 255 33 1
10.91 14.36 35.26 255 34 1
10.49 14.72 35.34 255 35 1
10.05 15.09 35.43 255 37 1
9.60 15.48 35.52 255 38 1
9.12 15.85 35.59 255 39 1
8.62 16.24 35.66 255 41 1
8.10 16.64 35.73 255 42 1
7.55 17.02 35.78 255 43 1
6.98 17.39 35.82 255 45 1
6.39 17.78 35.87 255 46 1
5.76 18.12 35.87 255 48 1
5.10 18.45 35.86 255 49 1
4.41 18.74 35.83 255 51 1
3.68 18.97 35.75 255 52 1
2.92 19.10 35.64 255 54 1
2.14 19.10 35.47 255 55 0
1.38 18.93 35.25 255 57 0
0.63 18.67 35.01 255 58 0
-0.05 18.28 34.73 255 60 0
-0.73 17.83 34.45 255 62 0
-1.34 17.29 34.15 255 63 0
-1.94 16.72 33.84 255 65 0
-2.49 16.09 33.53 255 66 0
-3.02 15.42 33.21 255 68 0
-3.52 14.71 32.88 255 70 0
-3.97 13.97 32.56 255 71 0
-4.42 13.20 32.23 255 73 0
-4.81 12.39 31.91 255 75 0
-5.19 11.56 31.58 255 76 0
-5.50 10.68 31.26 255 78 0
-5.80 9.80 30.93 255 80 0
-6.01 8.87 30.62 255 81 0
-6.22 7.93 30.32 255 83 0
-6.30 6.95 30.03 255 85 0
-6.34 5.96 29.76 255 86 0
-6.22 4.96 29.53 255 88 0
-5.96 3.97 29.35 255 90 0
-5.53 3.02 29.22 255 92 0
-4.82 2.23 29.15 255 93 0
-3.91 1.68 29.10 255 95 0
-2.91 1.28 29.07 255 97 0
-1.86 1.02 29.05 255 98 0
-0.78 0.87 29.06 255 100 0
0.32 0.77 29.08 255 102 0
1.43 0.74 29.14 255 104 0
2.54 0.73 29.21 255 105 0
3.65 0.77 29.31 255 107 0
4.77 0.80 29.42 255 109 0
5.89 0.86 29.58 255 111 0
7.01 0.91 29.76 255 112 0
8.12 0.95 29.99 255 114 0
9.23 0.97 30.28 255 116 0
10.33 0.97 30.61 255 117 0
11.38 0.88 31.07 255 119 0
12.36 0.71 31.62 255 121 0
13.23 0.40 32.31 255 123 0
13.84 -0.10 33.16 255 124 0
14.27 -0.50 34.16 255 126 0
14.69 -0.56 35.23 255 128 0
15.07 -0.33 36.30 255 129 0
15.41 0.09 37.33 255 131 0
15.69 0.63 38.33 255 133 0
15.89 1.29 39.27 255 134 0
16.05 1.99 40.20 255 136 0
16.16 2.72 41.11 255 138 0
16.19 3.48 42.00 255 140 0
16.14 4.24 42.89 255 141 0
16.02 5.00 43.77 255 143 0
15.75 5.72 44.66 255 144 0
15.30 6.33 45.53 255 146 0
14.62 6.75 46.36 255 148 0
13.71 6.86 47.05 255 149 0
12.70 6.83 47.62 255 151 0
11.67 6.91 48.14 255 153 0
10.71 7.28 48.66 255 154 0
9.81 7.80 49.17 255 156 0
8.95 8.37 49.67 255 157 0
8.14 9.04 50.13 255 159 0
7.34 9.72 50.60 255 160 0
6.58 10.44 51.04 255 162 0
5.82 11.16 51.48 255 163 0
5.07 11.90 51.89 255 165 0
4.32 12.64 52.30 255 166 0
3.57 13.37 52.69 255 168 0
2.82 14.10 53.08 255 169 0
2.04 14.80 53.45 255 171 0
1.26 15.50 53.81 255 172 0
0.43 16.13 54.14 255 173 0
-0.40 16.76 54.46 255 175 0
-1.33 17.25 54.74 254 176 0
-2.29 17.63 54.97 254 178 0
-3.33 17.84 55.14 252 179 2
-4.36 17.61 55.14 251 180 3
-5.30 17.24 54.90 249 182 5
-6.12 16.87 54.43 246 183 8
-6.82 16.57 53.73 243 184 11
-7.36 16.35 52.89 240 185 14
-7.85 16.15 52.03 236 187 18
-8.22 15.99 51.11 232 188 22
-8.58 15.84 50.19 228 189 26
-8.84 15.70 49.26 223 190 31
-9.11 15.56 48.33 219 191 35
-9.31 15.43 47.40 213 192 41
-9.49 15.29 46.48 208 194 46
-9.65 15.14 45.57 202 195 52
-9.77 14.98 44.66 196 196 58
-9.89 14.82 43.77 190 197 64
-9.95 14.61 42.89 184 198 70
-10.01 14.41 42.03 177 199 77
-10.04 14.16 41.19 171 200 83
-10.04 13.89 40.37 164 201 90
-10.01 13.58 39.59 157 202 97
-9.94 13.19 38.85 150 202 104
-9.83 12.75 38.18 143 203 111
-9.67 12.21 37.61 136 204 118
-9.46 11.57 37.23 129 205 125
-9.29 11.11 37.06 125 206 129
