Time(ms) X(m) Y(m) Z(m) Vx(m/s) Vy(m/s) Vz(m/s) R G B
4.50 -4.50 0.00 0 255 117
4.50 -4.50 0.00 0 254 116
4.50 -4.50 0.02 1 254 116
4.50 -4.50 0.04 3 252 115
4.50 -4.50 0.07 6 251 114
4.50 -4.50 0.11 9 249 112
4.50 -4.50 0.15 13 246 110
4.50 -4.50 0.21 18 243 108
4.50 -4.50 0.27 24 240 106
4.50 -4.50 0.34 30 237 103
4.50 -4.50 0.42 36 233 100
4.50 -4.50 0.50 43 229 97
4.50 -4.50 0.59 51 224 93
4.50 -4.50 0.69 58 220 90
4.50 -4.50 0.79 67 215 86
4.50 -4.50 0.90 75 210 82
4.50 -4.50 1.02 84 205 78
4.50 -4.50 1.14 93 200 74
4.50 -4.50 1.27 102 194 70
4.50 -4.50 1.40 111 189 66
4.50 -4.50 1.54 120 183 61
4.50 -4.50 1.68 129 178 57
4.50 -4.50 1.83 139 173 53
4.50 -4.50 1.98 148 167 48
4.50 -4.50 2.13 157 162 44
4.50 -4.50 2.29 166 156 40
4.50 -4.50 2.45 175 151 36
4.50 -4.50 2.62 183 146 32
4.50 -4.50 2.79 192 141 28
4.50 -4.50 2.96 200 137 25
4.50 -4.50 3.13 207 132 21
4.50 -4.50 3.31 214 128 18
4.50 -4.50 3.49 221 124 15
4.50 -4.50 3.67 227 120 12
4.50 -4.50 3.85 233 117 9
4.50 -4.50 4.04 238 114 7
4.50 -4.50 4.22 243 111 5
4.50 -4.50 4.41 247 109 3
4.50 -4.50 4.59 250 107 2
4.50 -4.50 4.78 252 106 1
4.50 -4.50 4.97 254 105 0
4.50 -4.50 5.16 254 104 0
4.50 -4.50 5.34 254 104 0
4.50 -4.50 5.53 254 105 0
4.50 -4.50 5.72 253 106 0
4.50 -4.50 5.90 252 107 0
4.50 -4.50 6.09 250 108 0
4.50 -4.50 6.27 248 110 0
4.50 -4.50 6.45 245 112 0
4.50 -4.50 6.63 242 114 0
4.50 -4.50 6.81 239 117 0
4.50 -4.50 6.98 235 120 0
4.50 -4.50 7.15 232 123 0
4.50 -4.50 7.32 228 126 1
4.50 -4.50 7.49 223 129 1
4.50 -4.50 7.65 219 133 1
4.50 -4.50 7.81 214 137 1
4.50 -4.50 7.97 209 141 1
4.50 -4.50 8.12 204 145 2
4.50 -4.50 8.27 199 149 2
4.50 -4.50 8.41 194 153 2
4.50 -4.50 8.55 188 158 3
4.50 -4.50 8.69 183 162 3
4.50 -4.50 8.82 177 167 3
4.50 -4.50 8.94 171 171 4
4.50 -4.50 9.06 166 176 4
4.50 -4.50 9.17 160 181 5
4.50 -4.50 9.28 154 185 5
4.50 -4.50 9.38 148 190 6
4.50 -4.50 9.47 143 194 6
4.50 -4.50 9.56 137 199 7
4.50 -4.50 9.64 132 203 8
4.50 -4.50 9.71 126 208 8
4.50 -4.50 9.77 121 212 9
4.50 -4.50 9.83 116 216 10
4.50 -4.50 9.88 111 220 10
4.50 -4.50 9.92 106 224 11
4.50 -4.50 9.95 101 228 12
4.50 -4.50 9.98 97 231 13
4.50 -4.50 9.99 93 235 14
4.50 -4.50 10.00 89 238 15
4.50 -4.50 10.00 85 241 15
4.50 -4.50 10.00 82 243 16
4.50 -4.50 10.00 79 246 17
4.50 -4.50 10.00 76 248 19
4.50 -4.50 10.00 74 250 20
4.50 -4.50 10.00 72 251 21
4.50 -4.50 10.00 70 253 22
4.50 -4.50 10.00 69 254 23
4.50 -4.50 10.00 68 254 24
4.50 -4.50 10.00 68 254 26
4.50 -4.50 10.00 68 254 27
4.50 -4.50 10.00 68 254 28
4.50 -4.50 10.00 68 254 30
4.50 -4.50 10.00 68 254 31
4.50 -4.50 10.00 69 254 33
4.50 -4.50 10.00 69 253 34
4.50 -4.50 10.00 69 253 36
4.50 -4.50 10.00 69 252 37
4.50 -4.50 10.00 70 251 39
4.50 -4.50 10.00 70 251 41
4.50 -4.50 10.00 70 250 42
4.50 -4.50 10.00 71 249 44
4.50 -4.50 10.00 71 248 46
4.50 -4.50 10.00 71 247 48
4.50 -4.50 10.00 72 246 49
4.50 -4.50 10.00 72 245 51
4.50 -4.50 10.00 73 243 53
4.50 -4.50 10.00 74 242 55
4.50 -4.50 10.00 74 241 57
4.50 -4.50 10.00 75 239 59
4.50 -4.50 10.00 75 238 61
4.50 -4.50 10.00 76 236 63
4.50 -4.50 10.00 77 235 65
4.50 -4.50 10.00 77 233 67
4.50 -4.50 10.00 78 231 69
4.50 -4.50 10.01 79 229 71
4.51 -4.49 10.01 80 228 73
4.51 -4.49 10.02 80 226 75
4.52 -4.49 10.03 81 224 77
4.52 -4.48 10.04 82 222 80
4.53 -4.47 10.05 83 220 82
4.54 -4.47 10.06 84 218 84
4.55 -4.46 10.08 85 216 86
4.56 -4.45 10.10 86 214 89
4.57 -4.44 10.12 87 211 91
4.58 -4.43 10.14 88 209 93
4.59 -4.41 10.16 89 207 95
4.61 -4.40 10.18 90 205 98
4.62 -4.39 10.21 91 202 100
4.64 -4.37 10.24 92 200 102
4.66 -4.36 10.27 93 198 105
4.67 -4.34 10.30 94 195 107
4.69 -4.32 10.33 95 193 109
4.71 -4.31 10.36 96 190 112
4.73 -4.29 10.40 97 188 114
4.75 -4.27 10.44 98 185 116
4.78 -4.25 10.47 99 183 119
4.80 -4.23 10.51 100 180 121
4.82 -4.20 10.55 101 177 123
4.85 -4.18 10.60 102 175 126
4.87 -4.16 10.64 104 172 128
4.90 -4.13 10.69 105 169 131
4.93 -4.11 10.73 106 167 133
4.96 -4.08 10.78 107 164 135
4.99 -4.06 10.83 108 161 138
5.02 -4.03 10.88 109 158 140
5.05 -4.00 10.94 111 156 142
5.08 -3.97 10.99 112 153 145
5.11 -3.94 11.05 113 150 147
5.14 -3.91 11.10 114 147 150
5.18 -3.88 11.16 115 145 152
5.21 -3.85 11.22 117 142 154
5.25 -3.82 11.28 118 139 157
5.28 -3.78 11.34 119 136 159
5.32 -3.75 11.41 120 133 161
5.36 -3.72 11.47 121 131 164
5.40 -3.68 11.54 123 128 166
5.44 -3.65 11.61 124 125 168
5.48 -3.61 11.67 125 122 170
5.52 -3.57 11.74 126 119 173
5.56 -3.53 11.81 127 117 175
5.60 -3.50 11.89 129 114 177
5.64 -3.46 11.96 130 111 179
5.68 -3.42 12.03 131 108 182
5.73 -3.38 12.11 132 106 184
5.77 -3.34 12.19 133 103 186
5.82 -3.30 12.26 135 100 188
5.86 -3.25 12.34 136 97 190
5.91 -3.21 12.42 137 95 192
5.96 -3.17 12.50 138 92 194
6.01 -3.12 12.59 139 89 196
6.05 -3.08 12.67 140 87 198
6.10 -3.04 12.75 141 84 201
6.15 -2.99 12.84 143 82 203
6.20 -2.94 12.92 144 79 204
6.25 -2.90 13.01 145 77 206
6.31 -2.85 13.10 146 74 208
6.36 -2.80 13.19 147 72 210
6.41 -2.76 13.28 148 69 212
6.46 -2.71 13.37 149 67 214
6.52 -2.66 13.46 150 64 216
6.57 -2.61 13.56 151 62 218
6.63 -2.56 13.65 152 60 219
6.68 -2.51 13.74 153 57 221
6.74 -2.46 13.84 154 55 223
6.79 -2.41 13.94 155 53 224
6.85 -2.35 14.03 156 51 226
6.91 -2.30 14.13 157 49 227
6.96 -2.25 14.23 158 47 229
7.02 -2.20 14.33 158 45 230
7.08 -2.14 14.43 159 43 232
7.14 -2.09 14.53 160 41 233
7.20 -2.03 14.64 161 39 235
7.26 -1.98 14.74 162 37 236
7.32 -1.92 14.84 162 35 237
7.38 -1.87 14.95 163 34 239
7.44 -1.81 15.05 164 32 240
7.50 -1.76 15.16 165 30 241
7.57 -1.70 15.26 165 29 242
7.63 -1.64 15.37 166 27 243
7.69 -1.58 15.48 167 26 244
7.76 -1.53 15.59 167 25 245
7.82 -1.47 15.70 168 23 246
7.88 -1.41 15.81 168 22 247
7.95 -1.35 15.92 169 21 248
8.01 -1.29 16.03 169 20 249
8.08 -1.23 16.14 170 19 250
8.14 -1.17 16.25 170 18 250
8.21 -1.11 16.37 170 17 251
8.27 -1.05 16.48 171 16 252
8.34 -0.99 16.59 171 15 252
8.41 -0.93 16.71 171 14 253
8.47 -0.87 16.82 172 14 253
8.54 -0.81 16.94 172 13 253
8.61 -0.75 17.05 172 13 254
8.68 -0.68 17.17 172 12 254
8.74 -0.62 17.29 172 12 254
8.81 -0.56 17.40 173 12 254
8.88 -0.50 17.52 173 12 254
8.95 -0.43 17.64 173 12 255
9.02 -0.37 17.76 173 12 255
9.09 -0.31 17.88 172 12 255
9.16 -0.24 18.00 172 12 255
9.23 -0.18 18.12 172 12 255
9.30 -0.12 18.24 172 13 255
9.37 -0.05 18.36 171 13 255
9.44 0.01 18.48 171 13 255
9.51 0.08 18.60 170 14 255
9.58 0.14 18.72 170 14 255
9.65 0.20 18.84 169 15 255
9.72 0.27 18.96 168 16 255
9.79 0.33 19.09 167 16 255
9.86 0.40 19.21 167 17 255
9.94 0.46 19.33 166 18 255
10.01 0.53 19.45 165 19 255
10.08 0.60 19.58 164 19 255
10.15 0.66 19.70 163 20 255
10.22 0.73 19.82 162 21 255
10.29 0.79 19.95 160 22 255
10.37 0.86 20.07 159 23 255
10.44 0.92 20.19 158 24 255
10.51 0.99 20.32 157 26 255
10.58 1.06 20.44 155 27 255
10.66 1.12 20.57 154 28 255
10.73 1.19 20.69 152 29 255
10.80 1.25 20.82 151 31 255
10.87 1.32 20.94 149 32 255
10.95 1.39 21.06 148 33 255
11.02 1.45 21.19 146 35 255
11.09 1.52 21.31 144 36 255
11.16 1.59 21.44 143 38 255
11.24 1.65 21.56 141 39 255
11.31 1.72 21.69 139 40 255
11.38 1.78 21.81 137 42 255
11.45 1.85 21.94 136 44 255
11.53 1.92 22.06 134 45 255
11.60 1.98 22.18 132 47 255
11.67 2.05 22.31 130 48 255
11.74 2.12 22.43 128 50 255
11.81 2.18 22.56 126 52 255
11.89 2.25 22.68 124 53 255
11.96 2.31 22.80 122 55 255
12.03 2.38 22.93 120 57 255
12.10 2.44 23.05 118 59 255
12.17 2.51 23.17 116 60 255
12.25 2.58 23.30 114 62 255
12.32 2.64 23.42 112 64 255
12.39 2.71 23.54 110 66 255
12.46 2.77 23.67 108 67 255
12.53 2.84 23.79 106 69 255
12.60 2.90 23.91 104 71 255
12.67 2.97 24.03 102 73 255
12.74 3.03 24.15 100 75 255
12.81 3.09 24.27 98 76 255
12.88 3.16 24.39 95 78 255
12.95 3.22 24.51 93 80 255
13.02 3.29 24.63 91 82 255
13.09 3.35 24.75 89 84 255
13.16 3.41 24.87 87 85 255
13.23 3.48 24.99 85 87 255
13.30 3.54 25.11 83 89 255
13.37 3.60 25.23 81 91 255
13.44 3.67 25.35 79 93 255
13.51 3.73 25.46 77 94 255
13.58 3.79 25.58 75 96 255
13.64 3.85 25.70 73 98 255
13.71 3.91 25.81 71 100 255
13.78 3.97 25.93 69 101 255
13.85 4.04 26.04 67 103 255
13.91 4.10 26.16 65 105 255
13.98 4.16 26.27 63 106 255
14.04 4.22 26.38 61 108 255
14.11 4.28 26.50 59 110 255
14.18 4.34 26.61 57 111 255
14.24 4.40 26.72 55 113 255
14.30 4.46 26.83 53 114 255
14.37 4.51 26.94 52 116 255
14.43 4.57 27.05 50 117 255
14.50 4.63 27.16 48 119 255
14.56 4.69 27.27 47 120 255
14.62 4.75 27.38 45 122 255
14.69 4.80 27.48 43 123 255
14.75 4.86 27.59 42 124 255
14.81 4.92 27.70 40 126 255
14.87 4.97 27.80 39 127 255
14.93 5.03 27.91 37 128 255
14.99 5.08 28.01 36 129 255
15.05 5.14 28.11 34 131 255
15.11 5.19 28.21 33 132 255
15.17 5.25 28.32 32 133 255
15.23 5.30 28.42 31 134 255
15.29 5.35 28.52 29 135 255
15.34 5.40 28.62 28 136 255
15.40 5.46 28.71 27 137 255
15.46 5.51 28.81 26 138 255
15.51 5.56 28.91 25 139 255
15.57 5.61 29.00 24 139 255
15.62 5.66 29.10 24 140 255
15.68 5.71 29.19 23 141 255
15.73 5.76 29.28 22 141 255
15.79 5.81 29.38 21 142 255
15.84 5.86 29.47 21 142 255
15.89 5.91 29.56 20 143 255
15.94 5.95 29.65 20 143 255
16.00 6.00 29.73 19 144 255
16.05 6.05 29.82 19 144 255
16.10 6.09 29.91 19 144 255
16.15 6.14 29.99 19 144 255
16.19 6.18 30.08 19 144 255
16.24 6.23 30.16 19 144 254
16.29 6.27 30.24 19 144 254
16.34 6.31 30.32 21 143 252
16.38 6.36 30.40 23 142 250
16.43 6.40 30.48 26 140 247
16.48 6.44 30.56 29 138 243
16.52 6.48 30.63 34 135 239
16.56 6.52 30.71 39 132 234
16.61 6.56 30.78 44 129 228
16.65 6.60 30.86 50 125 222
16.69 6.64 30.93 57 121 215
16.73 6.67 31.00 64 117 207
16.77 6.71 31.07 71 112 200
16.81 6.75 31.14 78 108 192
16.85 6.78 31.20 86 103 183
16.89 6.82 31.27 95 98 175
16.93 6.85 31.33 103 92 166
16.96 6.88 31.40 112 87 157
17.00 6.92 31.46 120 82 148
17.04 6.95 31.52 129 76 139
17.07 6.98 31.58 138 71 129
17.10 7.01 31.64 147 66 120
17.14 7.04 31.69 156 60 111
17.17 7.07 31.75 164 55 102
17.20 7.10 31.80 173 50 93
17.23 7.13 31.86 181 44 84
17.26 7.16 31.91 189 39 75
17.29 7.18 31.96 197 35 67
17.32 7.21 32.00 205 30 59
17.35 7.23 32.05 212 26 51
17.37 7.26 32.10 219 21 44
17.40 7.28 32.14 225 18 37
17.42 7.30 32.18 231 14 31
17.45 7.33 32.22 236 11 26
17.47 7.35 32.26 241 8 21
17.49 7.37 32.30 245 5 16
17.51 7.39 32.34 248 3 13
17.53 7.40 32.37 251 2 10
17.55 7.42 32.41 253 0 7
17.57 7.44 32.44 254 0 6
17.59 7.46 32.47 255 0 6
17.61 7.47 32.50 255 0 6
17.62 7.49 32.53 255 0 5
17.64 7.50 32.55 255 0 5
17.65 7.51 32.57 255 0 5
17.66 7.52 32.60 255 0 5
17.68 7.53 32.62 255 0 5
17.69 7.54 32.64 255 0 5
17.70 7.55 32.65 255 1 5
17.71 7.56 32.67 255 1 4
17.71 7.57 32.68 255 1 4
17.72 7.58 32.70 255 2 4
17.73 7.58 32.71 255 2 4
17.73 7.59 32.71 255 3 4
17.74 7.59 32.72 255 3 4
17.74 7.59 32.73 255 4 4
17.74 7.59 32.73 255 4 4
17.74 7.59 32.73 255 5 4
17.74 7.59 32.73 255 5 4
17.74 7.59 32.73 255 6 3
17.74 7.59 32.73 255 7 3
17.74 7.59 32.73 255 7 3
17.74 7.59 32.73 255 8 3
17.74 7.59 32.73 255 9 3
17.73 7.60 32.74 255 9 3
17.71 7.63 32.75 255 10 3
17.66 7.68 32.77 255 11 3
17.61 7.74 32.80 255 12 3
17.53 7.82 32.84 255 13 3
17.44 7.91 32.89 255 14 2
17.33 8.03 32.94 255 15 2
17.21 8.16 33.01 255 16 2
17.07 8.31 33.08 255 17 2
16.91 8.47 33.16 255 18 2
16.74 8.65 33.25 255 19 2
16.56 8.85 33.34 255 20 2
16.36 9.06 33.44 255 21 2
16.14 9.28 33.54 255 22 2
15.90 9.53 33.64 255 23 2
15.65 9.79 33.75 255 24 2
15.38 10.06 33.86 255 25 2
15.10 10.35 33.98 255 26 2
14.81 10.65 34.10 255 28 2
14.49 10.97 34.21 255 29 1
14.16 11.30 34.33 255 30 1
13.81 11.64 34.45 255 31 1
13.45 11.99 34.57 255 33 1
13.08 12.36 34.70 255 34 1
12.67 12.74 34.81 255 35 1
12.26 13.13 34.92 255 37 1
11.83 13.53 35.04 255 38 1
11.39 13.94 35.16 255 39 1
10.91 14.35 35.26 255 41 1
10.42 14.77 35.36 255 42 1
9.92 15.21 35.46 255 43 1
9.39 15.64 35.55 255 45 1
8.84 16.07 35.63 255 46 1
8.27 16.50 35.71 255 48 1
7.68 16.93 35.77 255 49 1
7.05 17.35 35.82 255 51 1
6.41 17.77 35.87 255 52 1
5.72 18.14 35.87 255 54 1
5.00 18.50 35.86 255 55 0
4.25 18.79 35.81 255 57 0
3.46 19.04 35.73 255 58 0
2.64 19.10 35.58 255 60 0
1.81 19.08 35.39 255 62 0
1.02 18.81 35.13 255 63 0
0.25 18.48 34.86 255 65 0
-0.46 18.01 34.56 255 66 0
-1.13 17.49 34.25 255 68 0
-1.76 16.90 33.93 255 70 0
-2.36 16.26 33.61 255 71 0
-2.91 15.56 33.27 255 73 0
-3.44 14.84 32.94 255 75 0
-3.91 14.07 32.60 255 76 0
-4.38 13.28 32.26 255 78 0
-4.78 12.44 31.93 255 80 0
-5.18 11.58 31.59 255 81 0
-5.50 10.68 31.26 255 83 0
-5.81 9.77 30.92 255 85 0
-6.03 8.81 30.61 255 86 0
-6.23 7.85 30.29 255 88 0
-6.30 6.84 30.00 255 90 0
-6.32 5.82 29.73 255 92 0
-6.20 4.79 29.49 255 93 0
-5.89 3.79 29.33 255 95 0
-5.38 2.86 29.21 255 97 0
-4.64 2.07 29.14 255 98 0
-3.68 1.56 29.09 255 100 0
-2.64 1.21 29.06 255 102 0
-1.56 0.96 29.05 255 104 0
-0.46 0.84 29.07 255 105 0
0.66 0.76 29.10 255 107 0
1.78 0.74 29.16 255 109 0
2.91 0.74 29.24 255 111 0
4.04 0.78 29.34 255 112 0
5.17 0.82 29.48 255 114 0
6.30 0.88 29.64 255 116 0
7.43 0.92 29.85 255 117 0
8.55 0.97 30.08 255 119 0
9.66 0.97 30.41 255 121 0
10.75 0.94 30.79 255 123 0
11.81 0.84 31.26 255 124 0
12.75 0.60 31.89 255 126 0
13.49 0.19 32.67 255 128 0
14.03 -0.27 33.58 255 129 0
14.45 -0.57 34.61 255 131 0
14.87 -0.53 35.70 255 133 0
15.23 -0.18 36.76 255 134 0
15.53 0.32 37.77 255 136 0
15.78 0.92 38.74 255 138 0
15.98 1.58 39.69 255 140 0
16.10 2.31 40.60 255 141 0
16.17 3.05 41.50 255 143 0
16.20 3.82 42.39 255 144 0
16.10 4.58 43.27 255 146 0
15.90 5.31 44.15 255 148 0
15.58 5.99 45.03 255 149 0
15.06 6.56 45.90 255 151 0
14.29 6.89 46.70 255 153 0
13.30 6.84 47.31 255 154 0
12.27 6.83 47.83 255 156 0
11.28 7.06 48.35 255 157 0
10.34 7.45 48.87 255 159 0
9.48 8.02 49.36 255 160 0
8.64 8.63 49.84 255 162 0
7.85 9.29 50.31 255 163 0
7.07 9.98 50.76 255 165 0
6.31 10.69 51.19 255 166 0
5.56 11.41 51.61 255 168 0
4.83 12.14 52.02 255 169 0
4.09 12.87 52.42 255 171 0
3.35 13.59 52.81 255 172 0
2.60 14.30 53.19 255 173 0
1.83 14.99 53.54 255 175 0
1.07 15.66 53.89 254 176 0
0.24 16.28 54.21 254 178 0
-0.59 16.86 54.52 252 179 2
-1.50 17.34 54.79 251 180 3
-2.47 17.66 55.00 249 182 5
-3.47 17.81 55.14 246 183 8
-4.48 17.58 55.14 243 184 11
-5.38 17.20 54.87 240 185 14
-6.17 16.85 54.38 236 187 18
-6.85 16.56 53.70 232 188 22
-7.36 16.35 52.88 228 189 26
-7.84 16.15 52.04 223 190 31
-8.20 16.00 51.15 219 191 35
-8.55 15.85 50.27 213 192 41
-8.81 15.72 49.37 208 194 46
-9.07 15.59 48.47 202 195 52
-9.27 15.45 47.58 196 196 58
-9.45 15.32 46.69 190 197 64
-9.62 15.18 45.82 184 198 70
-9.73 15.03 44.95 177 199 77
-9.85 14.88 44.09 171 200 83
-9.93 14.70 43.26 164 201 90
-9.99 14.51 42.43 157 202 97
-10.04 14.31 41.62 150 202 104
-10.04 14.05 40.85 143 203 111
-10.04 13.80 40.08 136 204 118
-9.99 13.46 39.37 129 205 125
-9.94 13.22 38.91 125 206 129
