Time(ms) X(m) Y(m) Z(m) Vx(m/s) Vy(m/s) Vz(m/s) R G B
1.50 4.50 0.00 0 255 117
1.50 4.50 0.00 0 254 116
1.50 4.50 0.02 1 254 116
1.50 4.50 0.04 3 252 115
1.50 4.50 0.07 6 251 114
1.50 4.50 0.11 9 249 112
1.50 4.50 0.15 13 246 110
1.50 4.50 0.21 18 243 108
1.50 4.50 0.27 24 240 106
1.50 4.50 0.34 30 237 103
1.50 4.50 0.42 36 233 100
1.50 4.50 0.50 43 229 97
1.50 4.50 0.59 51 224 93
1.50 4.50 0.69 58 220 90
1.50 4.50 0.79 67 215 86
1.50 4.50 0.90 75 210 82
1.50 4.50 1.02 84 205 78
1.50 4.50 1.14 93 200 74
1.50 4.50 1.27 102 194 70
1.50 4.50 1.40 111 189 66
1.50 4.50 1.54 120 183 61
1.50 4.50 1.68 129 178 57
1.50 4.50 1.83 139 173 53
1.50 4.50 1.98 148 167 48
1.50 4.50 2.13 157 162 44
1.50 4.50 2.29 166 156 40
1.50 4.50 2.45 175 151 36
1.50 4.50 2.62 183 146 32
1.50 4.50 2.79 192 141 28
1.50 4.50 2.96 200 137 25
1.50 4.50 3.13 207 132 21
1.50 4.50 3.31 214 128 18
1.50 4.50 3.49 221 124 15
1.50 4.50 3.67 227 120 12
1.50 4.50 3.85 233 117 9
1.50 4.50 4.04 238 114 7
1.50 4.50 4.22 243 111 5
1.50 4.50 4.41 247 109 3
1.50 4.50 4.59 250 107 2
1.50 4.50 4.78 252 106 1
1.50 4.50 4.97 254 105 0
1.50 4.50 5.16 254 104 0
1.50 4.50 5.34 254 104 0
1.50 4.50 5.53 254 105 0
1.50 4.50 5.72 253 106 0
1.50 4.50 5.90 252 107 0
1.50 4.50 6.09 250 108 0
1.50 4.50 6.27 248 110 0
1.50 4.50 6.45 245 112 0
1.50 4.50 6.63 242 114 0
1.50 4.50 6.81 239 117 0
1.50 4.50 6.98 235 120 0
1.50 4.50 7.15 232 123 0
1.50 4.50 7.32 228 126 1
1.50 4.50 7.49 223 129 1
1.50 4.50 7.65 219 133 1
1.50 4.50 7.81 214 137 1
1.50 4.50 7.97 209 141 1
1.50 4.50 8.12 204 145 2
1.50 4.50 8.27 199 149 2
1.50 4.50 8.41 194 153 2
1.50 4.50 8.55 188 158 3
1.50 4.50 8.69 183 162 3
1.50 4.50 8.82 177 167 3
1.50 4.50 8.94 171 171 4
1.50 4.50 9.06 166 176 4
1.50 4.50 9.17 160 181 5
1.50 4.50 9.28 154 185 5
1.50 4.50 9.38 148 190 6
1.50 4.50 9.47 143 194 6
1.50 4.50 9.56 137 199 7
1.50 4.50 9.64 132 203 8
1.50 4.50 9.71 126 208 8
1.50 4.50 9.77 121 212 9
1.50 4.50 9.83 116 216 10
1.50 4.50 9.88 111 220 10
1.50 4.50 9.92 106 224 11
1.50 4.50 9.95 101 228 12
1.50 4.50 9.98 97 231 13
1.50 4.50 9.99 93 235 14
1.50 4.50 10.00 89 238 15
1.50 4.50 10.00 85 241 15
1.50 4.50 10.00 82 243 16
1.50 4.50 10.00 79 246 17
1.50 4.50 10.00 76 248 19
1.50 4.50 10.00 74 250 20
1.50 4.50 10.00 72 251 21
1.50 4.50 10.00 70 253 22
1.50 4.50 10.00 69 254 23
1.50 4.50 10.00 68 254 24
1.50 4.50 10.00 68 254 26
1.50 4.50 10.00 68 254 27
1.50 4.50 10.00 68 254 28
1.50 4.50 10.00 68 254 30
1.50 4.50 10.00 68 254 31
1.50 4.50 10.00 69 254 33
1.50 4.50 10.00 69 253 34
1.50 4.50 10.00 69 253 36
1.50 4.50 10.00 69 252 37
1.50 4.50 10.00 70 251 39
1.50 4.50 10.00 70 251 41
1.50 4.50 10.00 70 250 42
1.50 4.50 10.00 71 249 44
1.50 4.50 10.00 71 248 46
1.50 4.50 10.00 71 247 48
1.50 4.50 10.00 72 246 49
1.50 4.50 10.00 72 245 51
1.50 4.50 10.00 73 243 53
1.50 4.50 10.00 74 242 55
1.50 4.50 10.00 74 241 57
1.50 4.50 10.00 75 239 59
1.50 4.50 10.00 75 238 61
1.50 4.50 10.00 76 236 63
1.50 4.50 10.00 77 235 65
1.50 4.50 10.00 77 233 67
1.50 4.50 10.00 78 231 69
1.51 4.50 10.00 79 229 71
1.51 4.50 10.01 80 228 73
1.52 4.49 10.01 80 226 75
1.53 4.49 10.02 81 224 77
1.54 4.49 10.02 82 222 80
1.55 4.49 10.03 83 220 82
1.56 4.48 10.04 84 218 84
1.58 4.48 10.05 85 216 86
1.60 4.47 10.06 86 214 89
1.61 4.47 10.07 87 211 91
1.63 4.46 10.08 88 209 93
1.66 4.45 10.10 89 207 95
1.68 4.45 10.11 90 205 98
1.71 4.44 10.13 91 202 100
1.73 4.43 10.14 92 200 102
1.76 4.42 10.16 93 198 105
1.79 4.41 10.18 94 195 107
1.82 4.40 10.20 95 193 109
1.85 4.39 10.22 96 190 112
1.89 4.38 10.24 97 188 114
1.92 4.37 10.26 98 185 116
1.96 4.36 10.29 99 183 119
2.00 4.35 10.31 100 180 121
2.04 4.34 10.33 101 177 123
2.08 4.32 10.36 102 175 126
2.13 4.31 10.39 104 172 128
2.17 4.30 10.41 105 169 131
2.22 4.28 10.44 106 167 133
2.26 4.27 10.47 107 164 135
2.31 4.25 10.50 108 161 138
2.36 4.24 10.53 109 158 140
2.42 4.22 10.57 111 156 142
2.47 4.21 10.60 112 153 145
2.52 4.19 10.63 113 150 147
2.58 4.17 10.67 114 147 150
2.63 4.16 10.70 115 145 152
2.69 4.14 10.74 117 142 154
2.75 4.12 10.77 118 139 157
2.81 4.10 10.81 119 136 159
2.87 4.08 10.85 120 133 161
2.94 4.07 10.89 121 131 164
3.00 4.05 10.93 123 128 166
3.07 4.03 10.97 124 125 168
3.13 4.01 11.01 125 122 170
3.20 3.99 11.05 126 119 173
3.27 3.96 11.09 127 117 175
3.34 3.94 11.14 129 114 177
3.41 3.92 11.18 130 111 179
3.49 3.90 11.23 131 108 182
3.56 3.88 11.27 132 106 184
3.63 3.85 11.32 133 103 186
3.71 3.83 11.37 135 100 188
3.79 3.81 11.41 136 97 190
3.87 3.78 11.46 137 95 192
3.94 3.76 11.51 138 92 194
4.02 3.74 11.56 139 89 196
4.11 3.71 11.61 140 87 198
4.19 3.69 11.66 141 84 201
4.27 3.66 11.71 143 82 203
4.36 3.64 11.76 144 79 204
4.44 3.61 11.82 145 77 206
4.53 3.58 11.87 146 74 208
4.61 3.56 11.92 147 72 210
4.70 3.53 11.98 148 69 212
4.79 3.50 12.03 149 67 214
4.88 3.48 12.09 150 64 216
4.97 3.45 12.14 151 62 218
5.06 3.42 12.20 152 60 219
5.16 3.39 12.26 153 57 221
5.25 3.37 12.32 154 55 223
5.34 3.34 12.37 155 53 224
5.44 3.31 12.43 156 51 226
5.53 3.28 12.49 157 49 227
5.63 3.25 12.55 158 47 229
5.73 3.22 12.61 158 45 230
5.83 3.19 12.67 159 43 232
5.93 3.16 12.73 160 41 233
6.03 3.13 12.80 161 39 235
6.13 3.10 12.86 162 37 236
6.23 3.07 12.92 162 35 237
6.33 3.04 12.98 163 34 239
6.43 3.01 13.05 164 32 240
6.54 2.98 13.11 165 30 241
6.64 2.95 13.17 165 29 242
6.74 2.91 13.24 166 27 243
6.85 2.88 13.30 167 26 244
6.96 2.85 13.37 167 25 245
7.06 2.82 13.44 168 23 246
7.17 2.78 13.50 168 22 247
7.28 2.75 13.57 169 21 248
7.39 2.72 13.64 169 20 249
7.50 2.69 13.70 170 19 250
7.61 2.65 13.77 170 18 250
7.72 2.62 13.84 170 17 251
7.83 2.59 13.91 171 16 252
7.94 2.55 13.98 171 15 252
8.05 2.52 14.04 171 14 253
8.16 2.49 14.11 172 14 253
8.27 2.45 14.18 172 13 253
8.39 2.42 14.25 172 13 254
8.50 2.38 14.32 172 12 254
8.62 2.35 14.39 172 12 254
8.73 2.31 14.46 173 12 254
8.84 2.28 14.54 173 12 254
8.96 2.24 14.61 173 12 255
9.08 2.21 14.68 173 12 255
9.19 2.17 14.75 172 12 255
9.31 2.14 14.82 172 12 255
9.43 2.10 14.89 172 12 255
9.54 2.07 14.97 172 13 255
9.66 2.03 15.04 171 13 255
9.78 2.00 15.11 171 13 255
9.90 1.96 15.19 170 14 255
10.01 1.92 15.26 170 14 255
10.13 1.89 15.33 169 15 255
10.25 1.85 15.41 168 16 255
10.37 1.82 15.48 167 16 255
10.49 1.78 15.55 167 17 255
10.61 1.74 15.63 166 18 255
10.73 1.71 15.70 165 19 255
10.85 1.67 15.77 164 19 255
10.97 1.64 15.85 163 20 255
11.09 1.60 15.92 162 21 255
11.21 1.56 16.00 160 22 255
11.33 1.53 16.07 159 23 255
11.45 1.49 16.15 158 24 255
11.58 1.45 16.22 157 26 255
11.70 1.42 16.30 155 27 255
11.82 1.38 16.37 154 28 255
11.94 1.34 16.45 152 29 255
12.06 1.31 16.52 151 31 255
12.18 1.27 16.60 149 32 255
12.30 1.23 16.67 148 33 255
12.42 1.20 16.75 146 35 255
12.55 1.16 16.82 144 36 255
12.67 1.12 16.90 143 38 255
12.79 1.09 16.97 141 39 255
12.91 1.05 17.05 139 40 255
13.03 1.01 17.12 137 42 255
13.15 0.98 17.20 136 44 255
13.28 0.94 17.27 134 45 255
13.40 0.90 17.35 132 47 255
13.52 0.86 17.42 130 48 255
13.64 0.83 17.50 128 50 255
13.76 0.79 17.57 126 52 255
13.88 0.76 17.65 124 53 255
14.00 0.72 17.72 122 55 255
14.12 0.68 17.80 120 57 255
14.24 0.65 17.87 118 59 255
14.36 0.61 17.94 116 60 255
14.48 0.57 18.02 114 62 255
14.60 0.54 18.09 112 64 255
14.72 0.50 18.17 110 66 255
14.84 0.46 18.24 108 67 255
14.96 0.43 18.31 106 69 255
15.08 0.39 18.39 104 71 255
15.20 0.36 18.46 102 73 255
15.32 0.32 18.53 100 75 255
15.44 0.28 18.61 98 76 255
15.55 0.25 18.68 95 78 255
15.67 0.21 18.75 93 80 255
15.79 0.18 18.82 91 82 255
15.91 0.14 18.90 89 84 255
16.02 0.11 18.97 87 85 255
16.14 0.07 19.04 85 87 255
16.25 0.04 19.11 83 89 255
16.37 0.00 19.18 81 91 255
16.48 -0.03 19.25 79 93 255
16.60 -0.07 19.32 77 94 255
16.71 -0.10 19.39 75 96 255
16.83 -0.14 19.46 73 98 255
16.94 -0.17 19.53 71 100 255
17.05 -0.20 19.60 69 101 255
17.16 -0.24 19.67 67 103 255
17.28 -0.27 19.74 65 105 255
17.39 -0.31 19.81 63 106 255
17.50 -0.34 19.88 61 108 255
17.61 -0.37 19.95 59 110 255
17.72 -0.40 20.01 57 111 255
17.83 -0.44 20.08 55 113 255
17.93 -0.47 20.15 53 114 255
18.04 -0.50 20.22 52 116 255
18.15 -0.54 20.28 50 117 255
18.26 -0.57 20.35 48 119 255
18.36 -0.60 20.41 47 120 255
18.47 -0.63 20.48 45 122 255
18.57 -0.66 20.54 43 123 255
18.68 -0.69 20.61 42 124 255
18.78 -0.73 20.67 40 126 255
18.88 -0.76 20.73 39 127 255
18.98 -0.79 20.80 37 128 255
19.08 -0.82 20.86 36 129 255
19.19 -0.85 20.92 34 131 255
19.28 -0.88 20.98 33 132 255
19.38 -0.91 21.04 32 133 255
19.48 -0.94 21.10 31 134 255
19.58 -0.97 21.17 29 135 255
19.68 -1.00 21.22 28 136 255
19.77 -1.03 21.28 27 137 255
19.87 -1.06 21.34 26 138 255
19.96 -1.08 21.40 25 139 255
20.05 -1.11 21.46 24 139 255
20.15 -1.14 21.52 24 140 255
20.24 -1.17 21.57 23 141 255
20.33 -1.19 21.63 22 141 255
20.42 -1.22 21.68 21 142 255
20.51 -1.25 21.74 21 142 255
20.59 -1.28 21.79 20 143 255
20.68 -1.30 21.85 20 143 255
20.77 -1.33 21.90 19 144 255
20.85 -1.35 21.95 19 144 255
20.94 -1.38 22.00 19 144 255
21.02 -1.40 22.05 19 144 255
21.10 -1.43 22.11 19 144 255
21.18 -1.45 22.16 19 144 254
21.26 -1.48 22.20 19 144 254
21.34 -1.50 22.25 21 143 252
21.42 -1.52 22.30 23 142 250
21.50 -1.55 22.35 26 140 247
21.57 -1.57 22.40 29 138 243
21.65 -1.59 22.44 34 135 239
21.72 -1.62 22.49 39 132 234
21.79 -1.64 22.53 44 129 228
21.86 -1.66 22.58 50 125 222
21.93 -1.68 22.62 57 121 215
22.00 -1.70 22.66 64 117 207
22.07 -1.72 22.70 71 112 200
22.14 -1.74 22.74 78 108 192
22.20 -1.76 22.79 86 103 183
22.27 -1.78 22.82 95 98 175
22.33 -1.80 22.86 103 92 166
22.39 -1.82 22.90 112 87 157
22.45 -1.84 22.94 120 82 148
22.51 -1.86 22.98 129 76 139
22.57 -1.87 23.01 138 71 129
22.63 -1.89 23.05 147 66 120
22.68 -1.91 23.08 156 60 111
22.74 -1.92 23.11 164 55 102
22.79 -1.94 23.15 173 50 93
22.84 -1.95 23.18 181 44 84
22.89 -1.97 23.21 189 39 75
22.94 -1.98 23.24 197 35 67
22.98 -2.00 23.27 205 30 59
23.03 -2.01 23.30 212 26 51
23.08 -2.03 23.32 219 21 44
23.12 -2.04 23.35 225 18 37
23.16 -2.05 23.38 231 14 31
23.20 -2.06 23.40 236 11 26
23.24 -2.08 23.42 241 8 21
23.28 -2.09 23.45 245 5 16
23.31 -2.10 23.47 248 3 13
23.35 -2.11 23.49 251 2 10
23.38 -2.12 23.51 253 0 7
23.41 -2.13 23.53 254 0 6
23.44 -2.14 23.55 255 0 6
23.47 -2.14 23.57 255 0 6
23.49 -2.15 23.58 255 0 5
23.52 -2.16 23.60 255 0 5
23.54 -2.17 23.61 255 0 5
23.56 -2.17 23.63 255 0 5
23.58 -2.18 23.64 255 0 5
23.60 -2.18 23.65 255 0 5
23.62 -2.19 23.66 255 1 5
23.63 -2.19 23.67 255 1 4
23.65 -2.20 23.68 255 1 4
23.66 -2.20 23.68 255 2 4
23.67 -2.21 23.69 255 2 4
23.68 -2.21 23.70 255 3 4
23.68 -2.21 23.70 255 3 4
23.69 -2.21 23.70 255 4 4
23.69 -2.21 23.71 255 4 4
23.69 -2.21 23.71 255 5 4
23.69 -2.21 23.71 255 5 4
23.69 -2.21 23.71 255 6 3
23.69 -2.21 23.71 255 7 3
23.69 -2.21 23.71 255 7 3
23.69 -2.21 23.71 255 8 3
23.69 -2.21 23.71 255 9 3
23.69 -2.20 23.72 255 9 3
23.70 -2.17 23.74 255 10 3
23.70 -2.12 23.78 255 11 3
23.70 -2.06 23.84 255 12 3
23.70 -1.97 23.92 255 13 3
23.70 -1.86 24.01 255 14 2
23.71 -1.74 24.12 255 15 2
23.71 -1.59 24.25 255 16 2
23.71 -1.43 24.39 255 17 2
23.68 -1.26 24.55 255 18 2
23.65 -1.06 24.73 255 19 2
23.61 -0.85 24.92 255 20 2
23.57 -0.63 25.12 255 21 2
23.53 -0.38 25.34 255 22 2
23.48 -0.12 25.58 255 23 2
23.38 0.14 25.83 255 24 2
23.29 0.42 26.09 255 25 2
23.18 0.72 26.37 255 26 2
23.07 1.03 26.66 255 28 2
22.93 1.34 26.97 255 29 1
22.77 1.66 27.29 255 30 1
22.60 1.99 27.62 255 31 1
22.42 2.34 27.97 255 33 1
22.19 2.67 28.33 255 34 1
21.96 3.02 28.71 255 35 1
21.71 3.37 29.09 255 37 1
21.42 3.70 29.50 255 38 1
21.11 4.04 29.92 255 39 1
20.78 4.40 30.32 255 41 1
20.41 4.77 30.71 255 42 1
20.03 5.16 31.10 255 43 1
19.62 5.60 31.44 255 45 1
19.20 6.04 31.78 255 46 1
18.75 6.52 32.09 255 48 1
18.29 7.01 32.38 255 49 1
17.82 7.52 32.68 255 51 1
17.32 8.04 32.95 255 52 1
16.81 8.58 33.21 255 54 1
16.29 9.13 33.48 255 55 0
15.75 9.69 33.71 255 57 0
15.19 10.26 33.94 255 58 0
14.62 10.84 34.17 255 60 0
14.03 11.42 34.37 255 62 0
13.43 12.02 34.58 255 63 0
12.81 12.62 34.77 255 65 0
12.16 13.22 34.95 255 66 0
11.51 13.83 35.12 255 68 0
10.83 14.43 35.27 255 70 0
10.13 15.03 35.42 255 71 0
9.41 15.63 35.55 255 73 0
8.65 16.21 35.66 255 75 0
7.89 16.80 35.76 255 76 0
7.07 17.33 35.82 255 78 0
6.24 17.87 35.87 255 80 0
5.35 18.33 35.87 255 81 0
4.43 18.74 35.83 255 83 0
3.46 19.04 35.73 255 85 0
2.46 19.10 35.54 255 86 0
1.48 18.96 35.28 255 88 0
0.53 18.64 34.97 255 90 0
-0.31 18.11 34.62 255 92 0
-1.11 17.51 34.26 255 93 0
-1.84 16.82 33.89 255 95 0
-2.51 16.06 33.51 255 97 0
-3.14 15.26 33.13 255 98 0
-3.71 14.41 32.75 255 100 0
-4.24 13.53 32.37 255 102 0
-4.71 12.59 31.99 255 104 0
-5.15 11.65 31.61 255 105 0
-5.51 10.65 31.24 255 107 0
-5.85 9.64 30.88 255 109 0
-6.08 8.59 30.53 255 111 0
-6.25 7.52 30.20 255 112 0
-6.33 6.43 29.89 255 114 0
-6.26 5.33 29.62 255 116 0
-6.06 4.23 29.39 255 117 0
-5.65 3.16 29.24 255 119 0
-4.88 2.30 29.16 255 121 0
-3.92 1.69 29.10 255 123 0
-2.85 1.27 29.07 255 124 0
-1.72 0.98 29.05 255 126 0
-0.56 0.85 29.07 255 128 0
0.60 0.76 29.10 255 129 0
1.77 0.74 29.16 255 131 0
2.93 0.75 29.24 255 133 0
4.10 0.78 29.35 255 134 0
5.26 0.83 29.49 255 136 0
6.42 0.88 29.65 255 138 0
7.57 0.93 29.88 255 140 0
8.71 0.97 30.13 255 141 0
9.84 0.97 30.46 255 143 0
10.93 0.92 30.87 255 144 0
11.98 0.82 31.35 255 146 0
12.91 0.55 32.01 255 148 0
13.60 0.10 32.82 255 149 0
14.10 -0.34 33.76 255 151 0
14.53 -0.57 34.80 255 153 0
14.93 -0.47 35.87 255 154 0
15.28 -0.13 36.91 255 156 0
15.57 0.39 37.90 255 157 0
15.80 0.99 38.85 255 159 0
15.99 1.64 39.77 255 160 0
16.11 2.35 40.66 255 162 0
16.18 3.08 41.53 255 163 0
16.20 3.81 42.39 255 165 0
16.10 4.55 43.24 255 166 0
15.92 5.26 44.08 255 168 0
15.64 5.92 44.93 255 169 0
15.17 6.49 45.76 255 171 0
14.46 6.82 46.53 255 172 0
13.57 6.85 47.14 255 173 0
12.61 6.83 47.66 255 175 0
11.66 6.91 48.14 254 176 0
10.77 7.26 48.63 254 178 0
9.93 7.72 49.10 252 179 2
9.13 8.24 49.56 251 180 3
8.38 8.84 49.99 249 182 5
7.65 9.45 50.42 246 183 8
6.95 10.09 50.82 243 184 11
6.27 10.74 51.22 240 185 14
5.59 11.39 51.60 236 187 18
4.92 12.05 51.97 232 188 22
4.26 12.70 52.33 228 189 26
3.60 13.34 52.67 223 190 31
2.95 13.97 53.01 219 191 35
2.28 14.59 53.33 213 192 41
1.61 15.18 53.64 208 194 46
0.93 15.76 53.94 202 195 52
0.22 16.29 54.22 196 196 58
-0.48 16.80 54.49 190 197 64
-1.26 17.21 54.71 184 198 70
-2.03 17.57 54.93 177 199 77
-2.88 17.75 55.07 171 200 83
-3.72 17.76 55.14 164 201 90
-4.54 17.57 55.14 157 202 97
-5.27 17.25 54.91 150 202 104
-5.95 16.94 54.60 143 203 111
-6.50 16.71 54.05 136 204 118
-7.00 16.50 53.49 129 205 125
-7.26 16.39 53.05 125 206 129
